01100110000110010
00100111000000000
00001101100100010
01101011001000010
10000111001001100
10010111011001110
00100011100100000
10110100110101100
01010011001001110
01000100010001100
10001100101110100
01111110110011110
01110001110011100
00001101011110010
00101011111110100
01101010011100100
10100011001001000
00010101011111000
01000101001111000
00011011110111010
11101100010101110
00010100111010010
00000111000100010
01000101011100100
01011111111110010
10110010001110000
11100011111101100
00111100000100000
01101001110110110
10000011111000100
00011100000001010
00100001100110010
11001000000011110
00110100110101110
01001001001110110
11101111110111100
11101011001010000
01100101001100100
01000100001000100
10111001111110000
10101111101000000
00000011110111100
00111010110000000
01000000000010000
11000110101010110
11010010011100110
10101100101100110
01000000111001100
01100100111111010
10111111000101110
01110010111000110
00001100110101110
11010000111000000
01001000001000110
11001101001011010
11111110000111110
11001001100111010
11011111110110110
11010011100000110
00011100011100010
00001011010100100
10011100000111110
11111001011011010
01010011101001100
00100111110011110
10110110001011110
10000110110010010
00111100000001000
11101111101010100
01110001011000110
11110000100010110
01100011011101110
01101000111100110
00000010000101110
10000100000011010
11100100000010000
00001110000110110
10101111010110000
00100010100001110
10110001111011100
01000001010110010
00001010001100000
10010100011010110
10011110111001100
11110111110001000
01101011001001100
11000001010011110
10011101100101000
11111010001101100
00110010011111100
00011110101011010
00010110011000110
00100011110101010
11101000111000000
10111010100010000
11000111000001100
10011110110001110
11101101011000100
11000011000001100
01011111100010100
10001111111010110
10001111000100100
11111111101010010
11000100111111100
10101011111011000
10001111000001000
11111100110010010
00010010011101010
00010101110011110
10011100001110110
10111100111111010
11011001000100000
01111010010011110
01011110100110100
10000001100111010
10001000100001110
00001011001110010
11100100101000100
10111000100010000
00000011111111010
10011011100100100
00011010011100110
11111101101010010
10010001010011010
11001010001110010
10010011010110000
10100011110000000
00110100111100010
01111011111101100
11001110011110000
01110100100101000
11010011110100000
10110111000000010
00101000110110000
11111000001111110
01010010010110000
00111000101011000
10010011000101010
00100000001001110
11011110110110010
00011100000100100
11100001100000000
00110000101010110
01101111000110110
00000001001001000
00011011110100110
11011100011111110
11010001001110000
01011011001000010
01011101011011100
11110100000001110
10111100111011110
00110010011001100
00100001000000110
00000000111011110
11011000010100110
11100110110100000
00100111010001110
11110001100111000
01010110000101100
01101000110001000
00001101010011000
11100111011010110
10001100011011100
11111011010101000
10100011101001100
01001010010010110
00010000111000110
00100111100100000
00000001100100110
10101101110011010
11001010010010100
10011111000110010
10100010010011010
10110000110100000
10000100011111010
11011111110110000
01011101010011000
00110001010110000
01111111110011110
11001011010101100
00011100100001010
00011100001100010
10001001101010000
00010101101001100
10011010011011100
11101010110110110
10100101000101000
11110001110101010
00111010000111010
01100110111011100
11101111000110100
11011001111101100
11011000000101010
10100010001100100
11011100111001110
01101000110000010
00010100101001110
01101010101100000
01001111101111010
00001101010010010
10010110110000100
10100110101101110
00011001101101110
00010010000110110
00100000010011100
01000011100100110
01010110100010000
01000111011010110
10110000001010110
10111110101011110
01010010001000010
10000010101010100
10011110001111000
10111100010100000
10100100101001010
01100011101011110
01010101111110110
10111101111100100
00010011001001110
11010101010000000
11110100110010010
10101101111111000
11100010111101100
11010110011000000
11010100001001100
10100111111011010
11100010100110100
00001111011100110
10011011001111000
10110010010111100
00010000101110110
11101010001010100
01111100111000010
10110100001001000
11101001000010100
10101011111001000
01001010101011000
10100110110010010
10001010101001110
10110011001100000
00111110010001100
11100101100110100
00111010110010100
01100001110010000
01010010111100000
11010101000011110
00010101101001110
00101110111000000
10111110000111110
00100011111110110
10110110111001000
01000011100110000
00111011000011000
10000101000010110
11001101111110110
01001010100000010
01000101001111110
01111100000000000
10010110100100100
00011100011100110
01011011011011000
11110110010000010
00110100000001110
01110101011110000
11001011101011000
00000111011001110
00111101101011100
00000010101110110
01010000100000000
10011111101010000
00100110101010110
10011101111110110
10000011111011110
10010001110101000
10000001000111100
11100101010110000
11011011001010000
01110001000001100
01010110000011010
00101010101010110
00000001110100010
01010000110110010
00101101011000000
00000110001010100
11001001001101110
11010110010111010
11000001010010110
10111111101100000
11110011001011100
11010110100000010
10111001001001110
01101110111101100
10100101100100000
10011010000000110
11101011101111110
10000011100001110
01011110100110000
10111000001010100
10000011101111100
11010010100011100
01000001110010110
00010100011011000
10010100000110010
00101101110010010
10101001110000100
10100110001011100
10110110000010000
00110111000100100
11010110001011100
00010010101010100
01101001000010100
11001010101101000
01001010110110110
10001010100110110
11001110100001110
11000010001011110
10001000011011010
10011101011110110
01001011010000000
11110111011000000
11110100110001010
10000011011100000
10101010000001010
00011000000111110
00001100101010100
10100111100000000
11110111000011000
10101100100101010
10111001001011000
01110101000110100
01111011011001000
10011011010000100
01110100000001000
00100000110011000
00010001011100110
01000000010100100
01000000010111110
11101001001011000
00100110101001000
10011010100111100
00010000111101010
10000110011011100
11111010011110000
01110011000101010
01010011101001110
00111110000001000
10100011101101100
00111101000100100
00000101010011000
10100101110001000
11001100101001000
01111101100111000
11110111110001000
00111100111001110
10010010101101000
11010110011110000
10001011101111100
01101010000110100
01100011010101010
00000111000000100
00100100100011110
11011111100001100
00110000100001010
10001011001101100
01011110001100100
00001100110011000
00010101000011100
00001001000010100
00001110101010100
00000010100111000
00100101000111100
11111010111000100
11000000110110100
10000110011000000
01001011011101010
01100110110111000
00001010000110000
01010001111101110
11100100000011000
01000101000001000
01001010101110000
01011100110010100
11101010001001000
10010011011110110
10001100011111000
11011101100000000
10110100110111010
01011110101110100
01010001101010110
01011001100001000
00000010100001100
10000101000010100
01110001000101100
00101010110010110
01100111111101010
01111110110111000
01101100111001000
00001101110100000
10101101011000000
01000011111010000
00111100001011010
00111110100101010
11001011000110000
00111110010110010
11111101011111100
01100110111111000
00001111010111110
00101010110001110
00111110001100010
11011110111110010
10111010111001010
11100101011011000
00110010010001000
10111111011010000
00101101100001110
10001101101001010
00101110011011010
00001110000001000
11110001110111100
00010000110001100
00110111001010110
10000001110000110
11001111010111000
01001010011010010
10111000101111000
01010110100000100
11011110111001000
11011000010001010
01111101011100010
10011010001111100
10001110010100000
11001001011111110
00011100000010110
00101011100000000
01111101111111010
10011111100001110
11000001110101000
10010011001101110
01101110100011000
00101000101110010
10010000110011100
11011001101000000
00010011101000000
01110001001011110
01110000011100010
00000001111010110
00111001001011010
11110000101011000
10001101011110110
01000011110000000
11100011101100110
11101101000011010
01001000111110100
11011101001000010
11110110101011010
01100011011100010
11000111001011100
10010001110011000
01110000001101100
01100010001010100
10010011100000000
11011001001110110
11000111111001100
11110111101011110
00001000111100110
11101110001001100
01011010111110000
10101011011101110
10001111100010110
11001000110010100
01100001111011100
00010101110000100
11000101101110000
00100010001111110
11110111101100100
11110111100001100
10010110000000100
11011000010000110
00111110011010000
11101001100011100
11010100010000110
11110010110001100
10010000100010010
11011000001101000
10101011101111110
00100011110111010
10101101100110000
00010000011110010
10011110111110010
10101011101111110
01001111100011010
11111000101001100
00000111110011110
11011101000111100
01110011001010000
00101101100010100
00011110001111110
01101001011000010
00001101010010110
01011101001100010
00000110010010010
00110110101110100
10000111111000100
11100001001101000
00010001010110010
10010010110010110
10010100101010100
01111001010101010
10010100100111000
01100111010110000
11101111101100110
11000011011101110
01101100101110010
11100001101011110
01111110110010110
00011110011000110
00101000001011100
11111111011110000
11101111010000110
01111110000101100
01110100010010010
10010100110100100
11111000000000010
01000110100110000
00010000110010000
11010110100110010
00010100100101110
00010110000110100
00110000111001000
00100010111000010
11110100000111010
11100000001101100
01100010011110010
01000011110101000
00010101100100000
10010100110100000
10011110111111010
00110010100111110
10110010100010100
00110111111110000
11101001101111100
10101110111101110
10100011000110100
00101001100110000
01111100010110100
11010111111110100
10111100010111000
10100000100111100
01110100000011110
10111010000111010
11110011101101110
00001010101110000
1010010110001101
10010110010010000
11111101001001010
00111111000101010
00000101001010000
11110111100011100
11000000001110110
01000111010111100
01110010110011110
10001010010001010
11111000100001110
11110000101000110
00101000110101000
01100001000011010
00110111011011000
11001010100100000
11000000011101000
11000101111100110
01100011001001000
10010000111011100
01010101011111000
01101100111001010
10110100101000110
10001100100000110
11101010101101100
11001110100101100
11010101100011000
01110011001000100
11000011110010100
00001100100110100
01000100011110100
00000111111011010
11100001010111010
00000111100000110
00100100000011000
00010110010100010
00000100100001100
10001000110001100
10111010110110110
01101010111110110
00101101101010000
01010000001001000
01000101001001110
00010001000011010
10001100000010000
00011101111110000
00010011011110100
01010011000111010
11011101101100110
11101110001011000
11111001111110010
11110111100011000
10000101110001010
00000110100010110
10101110110000100
01000001000111100
00100001101001100
10000110001010100
11101111100010100
00100001111001100
01010010011101010
00100101110001110
11111010110101000
00111011000010000
10001100100101110
00100010110010000
01110000100111110
01000011100011110
00111111100110110
10101000100100010
01100101001010010
11111111010100000
11100111100010010
00111111111010010
11111111101001000
11111101100010000
01000011011000000
10010101111110010
00101111011000100
01110100000110100
01110101110101100
01010100001100010
11000001101001110
01000010011011010
10110011001010000
11111100101001100
00100010101100010
00111010100110110
00010001010000100
00100010111101110
10100100111001010
10100011000000100
01101111101000100
01011001011100100
01111011000111000
10111011011000110
00100011110101010
10011000111110010
01001110001101110
11110100101101100
10001101001011010
00011011101110010
01010010010101010
10100001001001100
01111111101100010
10111001011101100
00101000001000100
01000111000001100
10110101101100110
01110001111100010
00011011100110000
11000011110110010
00101110000101100
00101010010011110
01101011001010110
11111111011000110
00110001111001010
01000000000101000
10111011011100000
11011001011010110
11000111001000010
11110100100100000
01000010100100000
11000000110001010
00101110001001110
00110010110101000
00010101011001110
11001101101111000
00011110111000100
11000010010001000
00011100000100010
00110111011011000
01100001010001010
01010100101010110
01111111011110010
01000000000010100
10100010110110110
10101100101110100
10011010100110000
10110110000001010
01111011000100010
10000111011101000
11010001101000010
10101010110101000
10010100101011000
00111001011011010
00010100101010000
00000111100100000
11001101000001000
01111111010100000
10100010000001000
11011111011100010
00011100011111010
11011110100000100
00000100111001110
01011011010011100
01110111101100100
00010000101000110
10100101100000100
01100100100100110
11110100110110000
01001101110110010
11100010111101110
11011100110010000
11101110011110000
01010110011011010
10111101111101000
01100010000011110
00110001010000100
00110001100011110
01100011010001100
01100011111000110
10000000000100100
01101110000001100
10100010111011000
11011001110000000
00101111110111110
10000101111100000
10001111101110100
00101100111101110
00000010100001110
00000100001001110
11011000011011110
00011100111111010
00101010101001110
01101111000101100
11101001111101010
10101011011101100
10010111110110110
01011111111000100
10100101010000010
00100100111010010
00111011011000100
00000110110011010
01101111101001010
10100101100011110
11010010011001000
10101100000010110
11001101001100000
10011110111110010
01100110111111000
01000001011100000
01001101101010000
01001010010001100
11101001001001100
01001100001001000
10100110101110000
11110011101111000
01010000000101110
10011011100110010
00010101000110100
10010001101010010
01100000110100100
00100000100000000
01110001000111000
11110001100111000
01010000101011110
01000010101100100
10100001011010010
01101001011000000
10110011000010100
10011011010000000
00011011110101100
10111100111000010
00011010011100000
10110001000100100
01110100100111000
11011111100100100
11111110010101100
00111110011001110
10010110100001100
00001110000100100
10000111001111110
11010011001000010
11100101100010000
11110010110110110
00100001001100010
10000101110011000
01001010011100000
01011111110011110
11001011010001110
00001010001011100
11111100111110100
10000110111101110
00110001001010010
01111000110111000
11100100111011000
01000100000101110
10000101001000010
10111101001111100
10110111101011100
11001011000111000
10000001101111100
11111011101100010
00101000011111010
01000111110101010
10110101100111110
10101001100111000
01110000001010110
01111101101110010
11110100000101000
01100010010100000
11001000101100100
00100100001010000
11110000101011100
11100010111111000
01111011001100000
10100101111011110
10101010110010010
11111100000100000
11111011011010110
00001000001011010
10100100101100010
11110111110101110
00000001110010100
11000101001101100
11001110110111100
00111111010111000
11000100001111110
10001001010101100
00000101011001100
11110101110011100
11100100000111010
10111001111011000
10111111111110110
11000100011111010
11101001100101000
10110100010100000
01101011001011100
01111111010011110
00000101101000000
01101111011000010
01111110101011110
01010100101110010
10001001110111110
10001001111111010
01101110000110110
00000111010101010
10010000100110100
00111101000011110
01110001101000000
00010101001001110
01001111111100110
10110001100000110
00100011111101110
00101000010000010
10110100000101100
01100110001000100
11110010100101110
01111110100001110
01010101011011110
00110011111001000
11111011000001000
00010001001001000
10110000101011010
10101101101001100
10100010001100000
11110110100111110
00101110010000100
01110101111101010
10100000100011110
10011010110011110
11011111001110000
11100101101111100
11111110100011000
01001101011010110
01010000101001000
01110010011110100
10111110111100000
11111111000010100
00100101111010010
11110101100011010
11010101110101010
11010110010011000
00111100011111010
00000001011111110
10101110011100010
00011111010100000
11001110110001010
01001101010101100
10110100101000100
11011101011110010
00001110010110110
11100001011100100
00000001110101010
10001110001100100
10001011111111100
01111001110100100
00110111011101010
11101010111001100
10111101010001110
10000000101010010
11110010000110000
11001000111011010
00001111010110100
11101101010011110
11101010010001010
11100101001100000
00001100110010010
11110011011110010
01111100010010100
00010010101000010
10010001000010000
10110000110001100
10101001000110010
00110000011011100
00000010010011110
01001101101011100
10010011111010110
01100100100001010
11100100101001000
10011001000101010
11111001101000000
10101001111101110
01011101110101010
00100111000001110
11111011111111010
01011000100110100
00100101111011100
01011100100001010
10110011010100110
10010011110011110
00110001110011010
11111111100111100
10101111110110100
00000011100000000
10101111100110010
11000101001101100
10100000000000010
11011001110110110
01010101011110010
00011111010001100
01000001000000000
11110000010010100
11001000000101010
01000111000010100
10010111110010100
11110001000001100
00101011110011000
11011001111100100
00010001101111110
11111010001001010
01100101101000110
10110110100001100
11001110000000010
01110010011100110
00111100101100000
11000111100011100
00110010110101010
11100011111001100
01000001100001100
11001010010001010
01110000000100000
00110111010001110
10011000100111110
11000000101100010
00010100100001000
01111111001011100
00010001011110010
11101110010101110
11001101111000010
10101011101111100
01101100010100100
10111010100001100
00101101101101100
01011101000101000
10100100010100110
10110101010101000
10111011100010000
11101100011001010
00001111100000000
11000010101110110
10001000111101100
01011001100110110
00001011111000100
10001001101010100
11100101001110010
11010101001011100
10100010111000000
11011111111010010
00000011100001010
00000111111100100
00000001011001110
01100010101011100
01000111001001000
10111100111001010
01101101011101000
01111110101011000
10110100111110010
01111000010000100
10011111100000110
11000101000001000
00001101101110000
11011001100110000
11011010011110000
01100110000110110
11111110110010010
10101010111001100
11101101000110010
10010000110100000
01101000101011010
11111001011011000
01001011101111000
10001110001001110
11000001100000010
01000101100100110
00010100010000000
11010000000110010
01100011101011000
01110111101010000
10100101001101010
01100011000111010
01010000010001100
00100111100001110
10000000011001100
10110011011011000
01001110111101010
10100001011110000
10000001011101100
10010101100111100
11100011010100110
11100101000011000
10111001111001100
10011011011011100
00001000001101010
11101101101111000
10100001000101110
10110100101000010
11101100010010110
10100111000000100
01101000011101100
01110000000100010
01100000011111110
11000111110000000
00110011010110110
01011011000110110
11111001011011110
10111011001101100
01010010100011110
11110011000101110
10101001101011110
11111101110010010
00010011010010110
01111011101101010
11010110000100010
10011010000010000
01101101101001100
11001010000100100
11010000010101110
00001100000010110
01001101111110000
01100110010100010
00101010100111000
10010100110010000
00001000110101110
10111111010011010
00100001110111110
01111110001001110
01011010010111110
11100011001010110
01100100110011110
01100000010010010
11111100001101100
10001001001001110
00111011111000010
10110000001001110
00111100010101010
10111000010110100
01001000111110100
10110011010101010
01100110010111110
00001100100010100
10000111010010000
11111101101111110
00010001110001110
10100001010001010
00011001111110000
11110011011111000
00111110001110000
10100010110111010
00110011100001110
00001011110110000
11111010011011100
10101111011100010
01110100110110010
10011001010010000
01011111000111110
11000011111101010
11100110000000110
01000011010011000
00001100000110110
01011101110011000
10011010111110000
10111000110011000
00000001010110110
10100000000111010
00011101111110100
01001001100001010
11100000100010000
00000100101111100
10100111100111010
00001100111011000
01101110100011010
11100111100000100
01111101000110010
10011111100101100
10000010101101110
10010000010110110
01111100110111100
10100010101000110
10000011011100100
10010011001011110
00000101111100100
01110010001001110
10101101011011100
01101010001011000
10111101100100010
11011100101111000
11101010010010010
10110000000100110
11010011001010000
11001011110100100
00010000000000000
11110110011101010
10101110001011000
01011001010111110
01111101010001010
10000000101010100
10001000001000110
00011001111100100
11100011001110000
01100001101010100
11010100110000010
11011001101001000
01110111100101000
11100111011101110
11010000010010000
01010011110001010
10000110101100110
01010011000011010
01011100100011110
01100011101010000
00111011110100000
00101100011000010
10000110110110110
10011011111110010
10110001000001010
00101011000011110
01001011101001110
10110010100101100
00100111111000000
10111010100101100
00100011001001100
01001010101011010
10100100010001110
11101000001000100
11100111010110010
10101001001001010
11011000011101010
01000110000101110
11010011110011000
01110000110101100
11100100110111000
11101010000010010
00000010001010110
00111110110000110
10010100010100000
00001111010110100
00011111011110110
10100011111011110
10010011000100110
00111000111011000
10011001010010010
10010111001010110
00000010010111000
11011100000000010
10111000001110000
11010101010001100
01101011111111100
10011111001000000
01101011111011010
10110000000111000
01110011110011000
01110011011010100
00001010010101100
00000110011110000
10101110011100000
01001101110011110
01100001110111000
10100000110000010
11110010101111100
00101111000110010
11101001110101010
10101100100100010
01010101100110000
00100000100000100
01001101001010100
11111100111001110
01111100101100010
11111000011010000
01101110000000000
01110101110111100
10101000111001100
10111000100011100
00111001110010100
00110111010001000
11111000101010000
10000011010101000
00000001011110110
10000110100100100
10101111000100110
10110101001101110
01101111010000110
10000001001000010
11101110011010110
01101111010010100
11000100110000010
10011100101010110
11001011010011110
01111111110000100
00111111011111010
11000010010100110
01001000111101010
10011100011110100
11000010010101010
00101001101110100
10001110001100000
11011001011011100
00111101011110000
00110111010010000
01001111001100010
01101000110001010
01010000111100010
11100110000011010
11100001001011010
11111000011010010
10000001010000110
10110000110011100
00110010000111110
10010001110000000
11100110101110000
11000101011101010
01000110110010110
10000010110111100
00101101100100010
00001100001110010
10101010111000010
00000111011100010
01101100110110100
10100000101001100
01111110101111100
00001111110110000
00001011001110010
00101010100010100
11111001000101000
00110010110000110
01111101100001000
00011000011101110
01001000100011010
11001000011100110
10110001010000000
01110011110111110
01110001111000010
00000111110001000
10100100101000000
10100000101111100
01001000010101110
00110101010000110
01110100110111100
11101110000110110
01000100010111110
00000100110011110
01011001111001010
10000111000111100
00100101100000110
00111000001000110
00110111100100010
01000010111110110
01010011011011110
00100101001110010
11001111110000010
01001001101100000
01100010010011100
00101000000100000
00101000101111000
10111011001101000
00101000110101110
00011110001010010
11110110110000100
01100011001011110
01110010010110100
00110111011111110
00000100011011110
11010111101001010
00100001011000100
01011110001011000
00110010110001000
00100110001100000
10000111111111110
10110001001110010
10000011001010100
00111111010001110
10111011010010110
11110100111001010
10010101100111100
10001011001111110
01110001101111100
01001111110011000
01111010100100000
01101110011100000
00110101101010010
01011001001100110
00100110100111010
11010110000111000
10000001101011010
01110011000100110
00111101111011010
00001110101010110
01001011110000100
10111011001001000
01001101110111110
10011111101101000
10000101101000100
01011010100001010
11011010100001000
11011011111011000
10011101101001010
10111011111111000
11000011110000000
00000100010010100
01000100100111100
10010001100011010
11000001011111110
10010111110011100
00001010011001110
11111001111001010
11101111100101010
01011100000101110
10011101010001110
11110011010100100
10111110111001010
00101100011010000
11001010101010100
00011001101001010
10101010110110110
10111111101101110
10000001000110110
11001001100011110
10111101011111000
01010011001001000
00100001001101110
10111000101111010
10101111110000010
01111110011101100
00010101101101010
00111110101000110
10011101010000000
11111101000100010
10001000010000100
00111011100101000
11101010100001110
01111010111010110
10011110011100110
00011011010000010
01100011110110010
00110001100110010
11100010100111100
10010100111001010
01101000100000000
11011010110101000
10010000101011110
10100110011110000
11010100010101110
00100101000110110
10010000010000110
00101010011110000
10101000100100010
10011100101100010
10111110110100010
10100100101111010
01100001000000100
11111000100011100
10100100011111100
11010001110101010
10010001001111110
01011001001001100
01001101100111000
10111011011010100
11110000111101000
01111010111010000
11001011010000110
11111111001111010
01100101011011000
00011011100111110
10111110001110100
10101111101101010
01100110111111000
11000100001000100
11100110110101110
01111100011010100
00100111100111110
00110010111101100
01000101011001100
11100010100000010
01010111001001010
00010111110100100
01100001101111000
01111101110001110
01000100110111100
10000110010101000
11010111111111000
10111000100000000
01110110001011010
00010100010101000
10000010000111000
00010011101011110
01010000001111100
11001101000101010
00000011100001010
01101000010010000
00011001010101010
11101001010000010
10001110110110110
10100100110101010
01000011111110110
10011100000111110
11100101000101100
11101000100101000
11101000101010010
00110001111001000
01000100111101100
00110101111110010
11000000110010010
11111010110110100
11001100100000100
00111101110100000
01000000011010010
10111011011010100
01000100111111000
00100100111101000
01010010110000100
11101110000000100
00010010000101110
01000010011101000
00001101000001100
10101100100001100
00111111110001100
00001111000010010
01010110011001000
00101101011100000
10101010000011100
11000100110100110
00000111110000000
01010001010011010
01111111111010110
10011010010000000
11111011110100110
00011001000000010
01110010111000100
00010001111010110
01100111111110110
01101000100010010
00100001011000000
01111111100101010
00010001111110110
10001010001110000
10110111011011000
00101010010000000
10101111100000100
01111010001001010
11001000101010110
11011101111000110
10111011111011110
11100011111010100
11100111111111010
10011101100111010
10101011110111010
11011101111110110
10101101000111100
00010011110010110
11100111110010000
01100000001000110
10111111110111000
11001001101011100
10000100001001100
10000010010101000
01011000100110100
10111001001011110
10111011001111100
11010110001000110
00101011010000110
00000110001001010
11110011101000000
01111101101111100
11011111000010100
01000101010010100
01000110011110010
01001110001101010
11000000001011110
11010011101011100
00111101001011100
00101100111110100
11010101010100110
11100100111111010
11100000001010110
11000001111100010
00011010000000010
01111101110001110
11111110111110010
01010000101001100
00111010000001110
01011010101010110
01100100000111000
00101001011100010
11100100111010010
10011100110011000
11010110111111010
10010101111100010
11000000011000010
11101100111100110
10011101100111100
01000100100011000
10111000001001000
10101001010110000
00101000110110000
11000101100010100
01010011001101100
11111111000101010
10011001111100110
00110010010111110
11001110101100100
10001000100010010
01001111010001100
11100000111011000
10110100000111010
01101001100011010
01100010001100010
11001111110001010
10000011101111100
11110100001011000
00011101100110100
11010011110001000
00000100110000010
00010011110110110
00111010011011110
11111001011000110
01010110100110000
11010101001111110
10110110010101100
10110001101100110
10010110101000000
11101101011110100
01110100000010000
00011010100000000
01010101101101000
01001000011001100
00000101011111100
11011101111100010
10101100100101000
00001100101001010
11011001111010010
11100101001101010
10010101111010110
01000010010111110
01001000100111110
01010110010011010
10101001101011000
00101000000101110
11100000000001000
01101111111010100
00010000100100010
01100001101111100
00100110100101100
11100010100110100
00000100101001010
10010110110010010
01010000100110100
10111000100101100
01000011001100100
10001101101011100
10100001010101110
10111100010011010
00101111111100000
01110101110101110
11111010011000010
01101000111101110
11101010010000110
00010011110111100
00100111011000010
01111110100101010
11111101001011110
11110011011011110
11001010111001100
10010000100111100
10101100010000100
01010111001110000
10110101001100000
10111001111101000
11110001100000100
00100101111100110
11100100000101100
00000100101001010
01000101011011100
10001001100110010
11010010110100110
11100110011101000
00110010000010010
01100101110001110
11011000110011010
01010010000011100
11100011100110000
10001111010000110
00101011101010010
10011001111101010
01000110010001010
10000000011110010
11001101010010100
11000000001110010
11010111111101110
00010001000000100
00011101000010110
10111001100111000
00001110100110000
11110110111110000
10100101101101000
10011100100101010
00101100001110000
00110101001010110
01100110001101110
00101000011010100
00001001001101010
10110000010000000
11001100110101000
01010010000100010
00000011110111110
01010101100101100
11010101000100110
11111100100011100
10100010000010100
01100110111010100
01000101110011100
11101010000111100
00011100101101110
00000101101000000
01010010101110010
11111110011100010
01100100011111010
01000011001101010
00000110110111110
11110011000011110
11100011101101000
10100100000010100
10000100110110010
01011011101010110
01010000011101100
11011111000101010
01000010001110110
11101001101101010
11001110110101100
00001011011110000
11110111011001010
10101110000110100
00001101100001010
00100010010001100
10100001011011100
01010111100011110
11111011111101010
01000110010000010
11011100100010100
00010110100110010
01011010010111010
01010010001000110
01010001000101010
10101011000110110
01000001110000010
01101110110110000
11111110100101010
10010010101010010
01011110011011110
10100000100010000
10110111000001100
10111010010001000
01011100000111000
00110111100001110
01001011000010110
10111101111101110
00100101111111100
11001111110001010
00111110011000010
10101101010010110
10010101010001010
10100000001010010
01010101010100000
11001010010010010
01101110011110000
11011000101000100
01101110111111110
00010101101111000
00001000110001110
10110110111101110
10011001010010110
10000011111100000
10111110110011110
01100111001011010
01111111001100100
01100111111011100
01000010001000100
00001000110100000
11000011101110100
00100001011101100
00101000001001010
11001011100100010
01111011001100100
00100110000010110
00110110111011000
10011111000100100
00011100011001010
01111000101001100
11001100100010110
10001100010100110
11110011111001110
11111000010000110
01100111001011000
01001010010110000
10001011101101110
01101110111000000
10011010101100000
01111001011001100
10101100110011100
10000111001001110
01000110011010010
00100000011101010
11101010011110110
01011011110110100
00101001000100100
01000101111000110
01110010000101100
10000111010001010
01101110111010110
00010101001101110
01001001111100010
00101110101011110
01110111100100000
11101111011111010
10101001101110000
01001101000111100
10111011011000110
11011100010000010
00110101111001010
00111101010110110
00010010001010100
10011101000011100
00111001001111100
11001111000001000
10101100101111000
10011101010000000
11100001100000010
00100100010010110
00000011111101000
11011100010010110
11010101111000110
10101101101101010
01001000101010010
10001000010100010
00100011011110000
11000111010001110
11110100100011100
10001000001011100
01100010010101000
00000110111000000
11000111101001000
10010100010010000
10110010011111100
10011101010000000
10000011101101010
00101010011110000
01101001010101000
10101001001011100
11111011101101110
01111000101110110
00011010000010100
10000101011110100
00000100111001110
10000101110000110
01110010001000100
00100111100010100
00100111010000110
00111110011101010
11100010010001000
00101001001001010
11011101101010100
00101001000011110
10000000101100000
11111000011100110
01101011011001010
00110001000011000
00100000010111100
00111111010010010
01110100011011110
01100110000100010
10011011100100110
01100110100100010
11110100011010010
10010011000111010
01010110111111100
10001001000010000
10111011001000100
00011000000110100
01010101000011010
01110010110101100
10101101100100010
00000010111110000
10011000001101000
10110111000001110
00100111101010010
00001010110000010
11111100100110100
10101001101000010
00011010100011000
11011000000000100
11000011000001100
11010000001101000
10111101111010100
11010010110001000
00011001011110000
11100010001100010
11111000000101000
01001110110000000
00111101100101010
11100011101010110
00001111110010110
01101111011110010
00000000101110100
11101100101101010
01000001001111000
10100001101011010
10001101011010100
10100110110011010
01101010011000010
10001101100101000
00000101101110110
00101011011110110
10110110010011110
00011011111101000
10110010110010110
01001001111001000
00101110100100010
10001110000000000
00001001101111000
10110111001010110
10010110110111010
10100010100100000
10000011010001110
00110000110111000
11101011001000110
00111111101001000
10011100101111110
11100100010101000
00100011101101000
01100001110010100
10010111111000110
10101011001101110
11001100011011000
11011001011001000
00010101100000100
10001011110100010
00010110101101010
11001000100010010
11001001100110100
10011111010001010
10101111110011010
11110011100110000
00100010100110000
11111101101000000
00111111100000010
01010101100010110
11101001011111110
10000111011011000
00010100011100000
01010001010011110
10101100000110010
01011001100010110
00001111011111110
00110101000011110
01011110111011110
10111110101111000
00001101101110000
00000111101110110
00011001100111110
01110011100000110
11010101110000100
11110010101101010
00001010010000110
00111000110010100
11000000111101010
11110101101011110
01000110011001000
10100010100001100
11100000111000110
01110101100010000
01101000101101010
00010011101010110
00101010100001100
10110101010100110
10100011010110010
10100000110011100
11001000010110110
10111011011110110
00000101000100010
01100100100110100
11011001011110010
10000111101001110
11111011000001000
01111000101111010
00110101101111100
11111000011011000
10011100111101100
11010111000111010
01110000010111010
11101011001101110
01100100111111010
11011110100001000
00110000101011000
00111001110000100
11011101001111000
00101001011111110
10010011000000100
00010000000011010
10101101010111010
10110101100111010
11000111111001100
01111110010011110
10110110111110000
11101000001000010
11110111111100110
11111011001101000
10100000001100000
10000110100011000
11011000110110100
11111101010010000
01011111000011010
10001011010000100
00101110110010110
01010101001001000
00011100100001010
01001000100110110
11011101100000100
00001000100101110
11100001100000000
10110010010001010
11010010001010010
00110011011100100
01001011111101110
10110011010001100
10100111010100000
11010010110100110
01001001100110010
00101101011000000
00110001001011010
01000101100000000
11010111010010010
11101001101000010
00101010000101000
00010011111111110
00101011000101010
00101100100100100
01100011001001000
10111000101101010
11110000101101000
01011100001011000
10001010000101110
01001011100000000
01011010001110110
11100010000100010
00000011001010100
10111010000100100
01101111100100010
01010111011011100
10011110000110100
00001000010101100
11101110011111100
10001111011111110
10001010110100010
01100000111000110
10100111001000100
01010101011001000
01001101011001100
00001011110000000
11110100111001010
00001000100010100
01110101010111100
00110101011011000
00111000000010000
00000011000110100
01110010001110000
11110111011110000
10011111011101000
11001101011111100
01111110111110000
11001100111001100
11101010001011110
10010001111011110
01010111000110000
00111000000100000
00000100110110110
10100000111100100
01010101011001000
11100101000000010
11010000111111110
00010010011111110
11101110000100000
00000101000010110
01100000101111000
11001010100100100
00101000000010010
00001110000011010
00111001111001110
10010011001011000
10000110011111000
10011011011101010
01000100001100000
10011101011000010
11011100010110100
00101011011111000
10111000110010010
00011110111110000
10111110101110000
10100010111000010
01110100110110100
01111100010110100
11010101010100010
11100000101100100
10000000100010110
10000100100000100
00101000101001100
01111111010100110
00000111011110010
00000000110011100
01100001110110010
10100100100010010
00010100010000100
01100100010001000
00111000111101100
01110110101000000
00100100011101010
11100101010110010
11011011011100110
00001110110101010
00001101111100010
00111001010100000
00111111100010100
00000110100010000
00110000010110110
00010001000110000
10100010010100110
01001101010001000
10110100110101100
00001110000010110
00010110111110100
00110111110101110
01000111100110000
00110001001010100
10001000011111110
11101101101110110
11111000011111110
01110101100101110
00100101010011110
11101101111010010
10110110010011000
11100001101000110
10110111111000110
00011100100001000
11110010111100000
00110100010111000
00110010101001010
01101101111001110
11010000010011110
10011101110110000
01000110000000100
01110000001111010
01010000101110000
11001011100100100
00101010011000110
10110101000110010
11100100001101000
11110011100001000
01100000010110110
10000100111000010
01111110100011110
00101111110011000
01000001101101110
01010100111010010
10111010000111100
10001100001100100
11101111001111100
11000010110011000
11100011101010100
10000111101101000
10000111000011010
10110100010000000
11101000111111100
00111110110011100
00010111100100100
01110011101110100
10101011101100100
11110011000110000
10010100101100010
01011001111011110
11111110101110110
00011110010110000
00011111011011110
11010000100010000
01010100001110110
10010100001010110
11111110011010110
10010000000110010
10110011100010010
11100101011111010
11110011000101000
10101110001000100
10111110101011110
00011001011000100
11011000000110100
11111000001010010
11010111100101000
01011000111010010
01001010001001100
01110001111100110
00011011011001000
01000101011011000
00001000110110010
00011100110011010
00110111111000010
00100001111000100
01010011011110100
01111100011001010
01011100001111100
01010011000001010
00111100111111100
11111001101000000
10010001100101100
11000110011011110
10111000000111010
00101101101100000
11001110110000010
10001001000110110
11111001010111010
10001101100001110
10010110001110100
00011110100010010
10001100000100010
00000000010001110
00111010100010010
01010100000001010
01100000001010100
01101110001100010
00011001101011100
10100101100000100
10011100111010110
10001101010011000
10110110111011100
10100000111000000
00001011111100110
01010100010110100
01100010001000100
01001101101000010
10110001100110110
00000001101110000
01011101101110010
11111100011111100
11001010000111010
11001001001010010
00011011010001100
00011111100010110
00101111110001000
01110110010011100
11111110000110010
00010001001011000
01001000011100010
11100110010001010
11001111111000110
11101000010101010
11000001110010100
11110100101001010
11111110000000100
11110111000010010
01010110011111010
10111111110101100
11000000000110110
00110001010011100
10101010011111010
01111110101001110
01101001100000110
10110100001110000
01001001000100000
10010110110111100
00100101100101010
00110100110101100
10111101100000010
00011110010001110
11100100010111000
11100010110010010
11010001111010010
10011111110100010
11000010010100110
01111101110111100
00100110101101000
11011101010001100
11111111000101010
11001000010101000
10010110100011000
01100010000000110
00001101000110110
01110011100110110
11100110000101000
10100100000100100
00101100010111010
00100100111011110
00001110100001110
10110101010000110
10100100010000010
10101010011110100
10111110001010110
00010101001110010
01111100010100100
00111001100011000
11000111010111110
10001101101110100
10000010111001110
00100110001100010
11101001111001100
00001001000111100
00010000001110100
01111000010110100
01110010110001010
11010000101100010
01000111000100110
10000001110111010
00001001111010010
01011000101101000
00111011010001100
11000001100101110
10011011010011000
00011110001011110
10100110011001010
01101000000100100
11101011011001010
01011011100101100
00110101001010010
00000111000100110
11100100001010110
00010100011010110
11111111111001000
10100111001111010
10100110101001010
10110000001011000
01000001001110110
11110100010101100
10110101001011010
01111011001101010
11001111110111100
01011100111101110
01010100110110010
11001100011001100
01111101010110100
00100010100101100
11111011111100010
10101101011000000
00010011011001000
10111101111100010
11011010110101110
11110000101100100
10110011110000100
00001000010101000
11000111100000110
10110111111010010
11011010110000000
10100101111101100
00100001000110010
11110101101010110
10101010001000010
01001010011001010
10000010101010100
01001011100110100
11010001100110100
01111000010001000
11001101111011010
10001111001011100
01000101011010100
01101101000010100
00101111010110110
01110010101000110
11101111010111000
10001001000000010
00101000011011110
11010111010101100
11011011010110100
01011011010000110
11110000100101110
01001011100011110
10101110111001010
01110000011101010
11000010100100110
01100110111000000
00101010011110100
11010110101001000
00000100101110100
00100100010000010
00001100110111110
00111111001011100
01001100110101000
10101111111010100
10111110010110000
00010111000111100
11010111001001000
01001000100100110
01001000000000100
00110010101010010
00011100000110100
00001101010000010
01110001000010110
01001000110101010
01111010111101010
01010100001010100
10010000010101000
10111011100111010
00100000100010100
10000011100111100
10100110011001000
01111100101110100
11101000010000110
10100110100010100
10100000100111100
11100100001000010
00010111010010010
10100100011101000
00111100111001010
10110000010101100
10000111110010010
11000111010011100
01101001100000000
01011100100001010
11010110101111110
00111001110110000
11101110110011100
01000011011111000
00100111111010010
11010011010010000
00001110110011100
00101100001111010
10001011010011000
01110011001001010
11000000010110010
00111110000110000
00110111110000000
10000000000010110
10111100100111100
11101010110101110
10010101110000000
01001001110000100
10111111010011010
01100110111011100
10101001000101010
10010101111110000
11100101111010010
01101111111011100
00011110010000100
10110100101000000
11010111101011000
10101011001000010
11110110111011100
01011001101110100
11011110001010000
01101110111111110
01001001010010000
0100000000111100
1100111011101000
11010110101111010
10010001000001100
00001011100101000
11111010101011100
11110010101100010
10110000111010000
10001010100011110
01100001011011100
00010110111111100
00100111001001000
00001110101011110
10111011001010100
10000000110111010
00011010000011110
01111101101110010
11100101100101100
01000110100111000
01110001101111100
11010110111110010
11111011100101100
11001101010011000
11010101010011000
01000001111010000
00110111010101100
11101011001001000
00111010001010110
00111101101000000
01000111000100110
01110111000101010
11010101111001100
10010000010011100
10100110000000100
01010100011101000
01010000111110010
10110000111111010
10000001111111110
01001011001110100
00011001100100000
11010001001101000
10000101110100000
01011010001111000
01110010101000110
01001011111000100
11100010100110100
10010011110100010
11110111001010100
11000001001111110
01110011001001000
11001001001010100
01010100010101000
01111111101101010
00111100011101000
10011011110010100
10011010001100100
00000110000111010
10011110101001100
01011101110110110
11011111000011100
10000000100011110
11101110000011100
10010100110111110
10000101011100110
00011001001000100
00100110001001000
00001000110110110
11010000010111010
01101101100111000
10010000110001100
11011111001110110
00110110011110100
11110001010101000
10011000101111010
10011111100111010
01001010101100100
11011001011000110
11101101101111110
10001010001000010
01110100001001110
10110111010101110
11101100110101110
01000011101001100
00001110100001100
00001000001100010
00101010111100000
11111101101110110
10111001010001010
01011100101110000
01101111001000000
00001000010110100
01011110001100100
01010010110011110
10101100101000100
10001001110111100
01111110011111010
01111010111100000
10101011001000000
10100111111000010
00101110010001000
10110100010111100
01011000101011010
00010110000111110
00100110010110000
10111110101101000
00101100100100010
11011110011010010
00110100011110010
10011111011011110
10010101011110100
10100100110101000
00100010110000010
00011111000011110
11001100000100000
00010001100010010
10110101010010100
11010000100111110
11001101000001110
11110110101001100
01100100001001000
00010000110100100
10001100110110000
11110110011100100
10110101011011100
10011001010001010
00111101100000110
01010001101001000
10001101110010110
10110010001100110
01110110011011110
10101110110111110
10101011100111110
00001000101001100
01011101001001000
10111001001111010
01011100011001010
10010000100010000
11000000111100100
11100111011001110
00100001100101110
00100111101111110
00000010100010010
00100001110000110
01000001011000100
00001111110010110
01111111011110110
00011010010000100
11111110000001010
01101111110010010
11101111001001000
11011101010110000
01100100010101000
10111101101101100
11100011110101100
11110101011101110
01111111011101110
10100100101011110
00100001001101100
00010010010111010
01001011101010000
11110011110111100
10101010011010100
00100101110110110
11101111000000010
00000011110100100
11101000000101110
11010000101111100
11011111001111110
01110010100100010
10111101001011100
10010011010010100
10111011110101100
11101000010111100
00110011101010110
11100001000110010
01011000010101110
10111001001011000
00011101111011010
00000111111011100
01100010011010000
11111111010001110
00000110000100000
10011110101000110
11010010001101100
01011100110111110
11001010111011010
10011111100111010
01001010110111110
01101010000110000
00101000110110100
00101001000001110
11101011101000010
01001001001110010
01111011110010110
11000100001110110
10111101101011000
01111000001010000
01010010100010000
11000111101101100
00010110111100000
00000100111000010
11011100110000010
00000110000011110
11110101000010010
01110101001001100
11011001010001100
00111100100011100
00000011101001000
01011111011110110
00000011101000000
01011001001100000
10011010101010100
10100100111101100
11000100110010010
10000011100101010
01101001000010010
01101001101110100
01111110010100000
10111100011011010
10110111010100100
01100010011001000
01101111001101100
11110111000100100
01010111110010000
10001001011000000
01110000010011010
11101100001001000
01110110110000010
10101111110111100
11111110010001100
10101010110010100
01111010111101000
01010101011001100
01110111101001010
00000001100000000
01000100101000000
01011101000100010
11010101101001110
01111111010101010
10111110110111010
11010100111010010
01111001010111100
00100100100001100
11110101001101100
11100001010101100
10000101111101010
10000011111111010
11111000001101100
11100100100110110
00101100010101100
10000110011001010
11110000110010100
00011100011100100
00100100011010000
00000111010110010
10111001010111100
00110010110010100
01001001010000100
00011000100010100
01001000111111110
10001010010101000
00000010101000110
00011111100000000
00010100111101000
11000111011001000
11101001101110000
00101100110000010
01001110100001010
00010000010110000
00000000000110100
01000110001110000
00110010010010100
11101111001111010
10011101001100000
01011100000011110
11111100001101100
11001100000001000
00110111011100000
10111001100001010
10000111011100100
00011010101001010
10101011011110110
00000011001000010
10010100101111000
10000001011001100
01101011110110100
11110101000110100
00001001111101010
11110010100011110
00101100011010000
00001010010100100
01101111101000100
10001011001001010
10010010001010110
00110110000110100
11111001100011110
00000111111101100
11001101010110110
11111111000001010
01000101101100010
00111100011011010
10110101111100100
11011010000111100
00011110011111110
11111100001001100
01110110110011110
01110100001100100
00000010111101100
11001001011011110
10101111000001000
10110000101000010
01001101011010000
00100000101101100
01101010010110110
10110011010110110
10111110111011000
11101111000111110
00011010011110100
11101010101010010
01001111111010010
01011000110100110
01001000100000100
00010110100111010
01111100001111010
10010011000011100
11110111110000110
10011110111010100
11001101110101000
10100111011111110
00011011101111000
00111100110100110
10111111101011100
01111000011011110
10010011110100100
01110111000110110
11111100100001000
01101010010010100
10111101111110000
11000101101100000
10010101000111010
01100110000100110
00000111110101000
01110110010000100
00110010010101110
10000001110100110
11101110001011100
10010101010000100
11001101010110000
11001001111011000
10100001011001000
11010101000101010
11001100001000110
01000100000110000
01100011101111010
01110011100110000
00000010010011100
01010100011000110
11001011000100110
01101111111101010
00110010001000110
11001000010010000
11011111001110010
10010000001100000
10110111000111100
00010110001101010
01001101111001010
00100011110011010
00010000101101000
10001110111111010
00001010011001010
10101010000000110
11000001100111100
11001010011011010
11101101111101000
01011000110010000
11100110000000010
00011011010010110
10111100011110010
00001010000101010
00011011000001110
11000011111110110
00011100110010010
10101001011000000
11010001001110000
11011111100101100
01011111011101110
10011011110011100
11110011001100100
10001000101010100
00100101111011110
00111011100001000
11011001111110100
10010000101000000
00010101111101100
10101001000010010
00000101101100000
10110001011010100
00001111101101100
11010111100101010
01000000001110110
11100000010011010
10001000000100000
01101101111110000
11011011010010000
01110101010100010
10100011101110100
00011110001101000
01011100100110100
00001010000110000
01001110010111100
01110011010110110
10011010001111100
01010111111010000
11010001001000010
01011100100010010
11010111110101100
11111000001011010
01010000101111100
01111000010001000
01111000111100000
10001100001100100
11100011110011010
01100100011010100
01100111001000000
10000001101100010
00011100110100010
11101000110011110
00100011110101000
01011101110000100
00111001010011100
01011000100000110
00110001000000110
11101000001111000
01000001111110000
01111000011110000
10110001010001110
11001010101001010
01010101000110000
11101011100010000
01100010111000110
00011110010011000
01100011011010000
11110011010011100
11101100100000110
00000000000101110
11111011000000000
11010010000100000
00000110110011110
01001010010001010
00001101100110100
01101011001100010
10000111111010100
01111001111111000
11101110010011010
00011010110010110
11100110101101100
11100011010010000
10111010101100010
01100001000001010
01111011111011100
01011100110111010
01001011010111010
01000001101010100
01001111101010010
11101110000101000
11100010101001010
10111100000001000
00100110111011100
10110111010100110
01001000111101010
01010111111100000
11010000110010010
01110111000110100
11111000011010100
11011101000100010
11011000011100110
01001011000000000
01100011110011100
01011111101110000
00001000011010010
11110010110110010
11111001111010110
00110100110011110
01000101010010000
01111111010011010
11011100000001100
01100010001000010
00100101001111010
01110110011101100
00100110101001110
00111000010111100
00100010000110110
01110101100001000
10010000111110000
11001010100011000
00100010100011100
10100010000010010
10011100011000100
00110100101010110
10000010110111110
01000001011010010
01000010111111100
10011110000111000
01001000001100010
11111110100010000
01100001111001100
00100111011100110
10101111101101110
01100000100001110
00111101001100000
00101000011100000
11100110100010100
00110001010010110
01101001000110100
01100100100001110
01100100111110110
11100000111011100
10100001100101110
00001011010110100
10011101001111000
11001011110010010
00101100110001010
10001111101101110
01111101110010000
00111011010011000
01110100110111010
00101010111001010
00011100101001110
00001100011001110
11110010011101010
01011111011110010
01111000010110100
00011000011001100
11000001101111110
00101111000000010
01110000111111110
00010010010010100
10001011000100110
01001001001111100
10011011001011100
00100101000000100
01001011001001100
01100110011111100
10000110011100010
00000011111101000
00001101010111010
00111010110100110
11010000011111110
01000001001111100
01001110100111100
10001100110001010
11011010000011100
11101011100010010
11000101011110100
00001000100011010
00100101111011010
01111001101111100
11000100101001110
01100011001001100
10001110100000000
10100000011011110
01111011111101100
10001000001001010
01000110111001000
00010101010011000
11001100100001100
10000110000100110
11100110000101110
10010000010001010
00010100011011010
00101110010101110
00001001101000110
11110011101110000
00001000011000010
10100001100101010
11100100000101000
01101111111101000
00111100111010000
01101101010001010
01001110110000110
01001001000010010
00001010111010110
11110100010001110
11100000100001010
00001010111101100
00000011011110100
01101011000010110
00101011000010110
11011000100110110
10011111000110010
10111101101100110
10010010000111010
10000010011000100
11010010000000000
01101101000111010
11011100111111010
00101001111101010
10110010000001010
11111011001110110
11100001110111100
01111101001101100
10000010000110110
01001001011110010
01111011011111110
11000011110001010
11111011001100100
00100000111111110
10110001111010100
11111001001011100
11000011101101010
00111011010000010
00000111011000110
10100000001100110
01111000011101100
01010111111011100
01110010100100010
10000111110110110
10000010001000100
10011000011110000
11011101101011000
11011000000100100
01001000111111010
01101001011010110
00111111111001100
11000110011010100
11111000111000010
00001110010100100
00110010011010100
11001110001101000
01000010110010100
11111001110101110
10010000110011010
11001110001110100
01100111010110000
00100001001110100
11001001110101110
01100001110101000
00100100001011010
11011000010100010
11101100110111100
10000011101010010
11011100010010010
11111111111011000
10101111101100010
00011111001001110
00101101011100000
10100001101011010
00110111100011010
11011111010001000
10101010010111000
10010000001110100
00011101011010100
01100100110100010
00001001100100100
10111111100011000
10000000111001000
01001011100000100
11011000111110010
01000111100100100
11111011100001000
01010100110100000
01110010111111100
10111001011110010
11111111101110110
11000101011001000
01000001110110110
00101111001100010
10111111000011000
11001001111110100
10011101011010000
11010111010110110
00001011001100010
11100100010100000
11010011100001110
00111000000010110
10101011000000000
10111001010110110
00001000001101010
01011011100011100
00101100100101010
01010110110000000
00000101010011000
10101000010100110
01111110101101100
01001100000001000
01010010010101010
01000011011100100
11110010111101010
01111000111100010
01011011010110010
00110100010110010
00111100110110110
00110000010110010
00100001000010100
11111001111000000
11011110010111100
01011000011100100
11110001110011110
10100011010010000
00010111110011100
11011001111001110
10000001110001100
11100101101000010
01100100000111010
10111010000100100
00110001011111010
10110011100001110
00100100001111000
11001100111000000
00100010010000100
10010010000001010
01101000111000100
01101011001101000
11001111100000000
11001010011110010
00111010001001000
00011000010110100
01110000000011100
11010111101111000
11011010101101010
01111000110011100
00010111000001100
01001010101000010
10100001110100110
00110100101011100
00011010001011000
10111101100001010
01000010111001100
10101111000111110
01001101110010010
10100111010100000
11110011100111010
01100010101100010
11011010111101000
00011000000100100
01011111000010000
01111010000101000
10000010010111010
00011111110101000
00111111011111100
00100111001101000
10101100111010100
11110000111001100
00000010010010100
00111001000100010
11101100111101100
00000000110010100
11110100011010110
01001100111011110
01110001010001110
10110000000110100
01101111001110000
10000110111010000
11111100101100100
10110001001010110
00011110100001010
11011001000010010
10110111101000000
11011001001100110
10100101110101100
01100000010100110
00000000000010010
10101000000101110
10111101101100100
10110011001101000
10101111000100110
00011001100011000
10100111011011010
00010101111101110
10110110011110010
10101001010110010
00101011000010100
10101101001111010
01000010110111000
10100101101010000
00000101100000010
00001001010110100
11100001010110100
01110111100100000
00001110100001010
10110101011001000
10000101000100100
00101110110001100
01111101111100010
00001011010011110
10110010111011010
11000000101101100
00100100110100100
10111100010001010
01101000000111000
01001010110110100
01110010111010010
10010001000100110
11100001101010110
10011111010100010
11101001100101100
00000101110011110
11011101101101110
10011000111001110
00101011111010100
10011001010011010
01101100000000010
11011100111110010
10000011111100000
01111100001010000
01100100101011110
01011110011101110
00111010001100000
01001001101001000
00001110001111010
01111100100100100
10100111100110100
11011000100100110
10101101000101100
11110100011001100
01011111011110000
10111000011110010
00100101001111100
00101000100110100
11100101110000100
10100110000101010
11101110001101110
10111011011101000
00110110100011110
11110001100010110
00000010111110100
11001010101000110
00011100000100110
10101101110001110
01000010000100000
10011100010011000
01010111011001100
11111111100001110
01110111011010110
11011011001001000
10101100010010010
00000101010111100
00011111010010100
01110111110110110
01111111010111010
11001111100110110
10100000101101100
01101110011011100
11100000100011100
11111010101000100
00011100010110110
01010000110111100
01011011000011110
11001011001111010
00010100000110110
11101011110011110
00000010001110010
10011001011101000
01011010001010100
01011110111110110
01110001001011010
00010001010100110
00100111110100100
11110101001011100
00001001100111100
00110011100010110
01111001011011010
00110010010111100
01010001011000110
11100011001101010
01000001000111110
11101001010011100
01001011111011100
01000100101110110
01000101000100010
00110010001010110
10001001110101100
00010010100111110
01100101011100010
11110100111111000
01101100111000110
00011000101001000
01110100000000110
11111000100011110
01111001011011010
11010011010011000
10101101110101100
00000101111010100
10011101110111100
10001011010100010
00000011010010010
11011111100001000
01111101101110100
10111101110100100
01010010000001100
10011100011011110
10010110111000100
11000011100001000
11000011101111110
11001101110000100
10000101010010000
00011101101111100
11000010010100100
00101100100010010
10000111100010010
11111010110000100
01001100100001110
01111001001011110
00011001111100110
01010110111101110
10001101001111000
00101111110101000
10111100010011100
00111100110000110
11101000111111000
01001111010100000
01001101011110110
00100001110111100
11100111010111010
01000010110101100
10010110110100000
00111000110011010
10010010100101010
00111110011000100
00011010010000000
00001101000001100
00110000010111000
10010101000110100
10011110011001010
11001110000011000
11111111101011000
00010011111111010
01000000000011110
11101111110100100
01000101101010010
11101111110000010
10010100000100110
00000101010000000
00100100110001000
01101111000010000
10111101110110010
11011000011001010
00011110010110010
01010110010101100
01100010011100100
10000011101010000
10000010000111100
10110100101100010
11111010110011110
01110100000000000
01110101010000100
00011000001111100
00001101000100010
10000110101011010
11110010010100110
10010111100110110
11101010110110010
10010010111001000
01111110110101010
01000101010100010
11100000000101110
00100110111011110
11100101110010010
11111001010010100
01010010100011100
00110011110110100
00101100110101110
11011100010000100
01101000101111000
11010110011001010
01001110111000000
11011010100011100
00001010010010000
11001000100010010
01110101001001100
11011101010111100
11110110101110000
10100100110110100
10000100110010000
00110010110101000
01000101100100000
01001000110101010
10011010001000010
11111101011001010
10110001011010010
00011001010010110
00101111111011110
11011111111011000
01101110001111010
00001111011101100
11100110101001010
01011110011110110
10101011011001000
00110111000101100
01111101011000110
01110111000000000
01110011111111000
00001001100010100
10010100011001000
10011010001011010
10110010000001010
11111100100101000
00011011101011110
00100001000110110
00110101110111110
01111110010100110
00110111011000110
10110110111101000
01101010011111110
10111001010010110
00111101000001100
01000001010111110
10110111101011100
11010001011110010
10110011100110110
11100000111000100
01110111100100010
11100101100010010
01010101010110110
11000010101001000
00001110001110000
10101100001101010
11010010110011110
10001001110000110
00010001000100010
10010101110011000
11100000101101010
00110000110100110
11001010011111100
01110010001101100
01110101010100100
10111111000010100
01000010011100010
10011100001011010
01110110101111000
11100000010111010
01001101010101000
10010101000100100
00001011100110100
00100110011101000
11111000111001110
10100000011110110
10100110110111010
10010110011001110
10100000110000010
01101001010001110
01011100001001110
00000001111101110
00100001011110010
01010110111010100
00111011110111010
10010111000101000
11111110001100010
10100111011000000
01010011010100010
10011100100000100
11100101101110110
10100110010000110
01011001110111100
01011001011100110
10010010000000010
01110011001111100
11111101010100100
01010100000010000
11101010000011010
00011110111110100
10111011101001010
11101111010000110
00110111011100000
10000111101000100
11111011101000010
11000001100101100
11010111000000000
11010100110011100
10101000111100000
01011010000001000
10100101101101010
11011110110110000
10000101011101000
01110110000101010
11010001001011100
00000011011011000
10011100111101110
00001110101100000
10101010010000110
01100111010010010
00110100110101000
00010100101100000
10000101010100000
11100000011010100
10010010010010100
10011111010101000
11001000110111010
01000001010011000
00000101011110110
01110001110001110
11000001000010110
00100100101100000
11010100001001100
01100100110010000
00110111000011010
01010011101001010
00101110001110100
10000101010101010
01101011100101000
00101011110110110
00110101010100100
01000100011101010
10100110010101000
01000111100101000
11000101111111010
01011111110110010
01010100000101010
11011100100001110
01000110001110000
00100001001111100
00111101001000010
00011111011110100
10010001110011110
10011100011010100
01000110010001110
10101000010110110
11010101001111110
01000100000011110
11001111110111010
11001100001110010
10010001110100000
00011111001110100
10110001110010010
01010110101000100
01011000011110100
00110001111100110
10000000111101010
10111010011010110
01011101111110010
10010110111100110
10001011110010010
01011111100011000
01101001001110110
11001110011010100
10101000001101010
10011111101001100
10000110101111100
00001000010011100
01100001000110110
10011001110110000
01110010000111110
10000000101000000
11010010110010010
00001010010100000
10011011110111010
11010011110110000
11100101001101010
10000010111001110
11101100101011100
11111100110111000
01000110101000010
10001101111111000
00111011100111010
00100100001000010
00001100111101100
10110011011010110
10011000101100000
11001101010011000
00100100011111010
11110010110001100
01111110100011110
10100000101001010
01000001101110000
10111101111000110
11011001100000110
00111001000011010
11100000110001100
01000010000000010
00111001011011100
11110011101011100
10001011010110000
10110000010011000
11110000111111000
01110110001000010
00100111100010100
10000110000001000
11110110100100110
10000100000000100
11110011100001010
01101101100000110
11110010001100010
10101110101001000
01011111001000110
01101001011011110
10011001000111100
00001110000111000
11101111000001010
01101110110001010
10110001010100110
11110000010000000
11010010111100110
11001000010111000
01101100001100010
00111011101101110
11011111011110110
10001101001001000
10000011100010000
11100111011010100
00110101100001000
10001110100101100
01101110010010000
01010010001011010
01001011110001010
10001110110011000
01001101100110110
10011001001010110
10000000000000100
10100011101010110
00010110000110000
01000011000010110
01000001011111010
00100011111101000
10100001100011110
01001000110110100
01100101111101000
01010000010011010
11000011111001100
01111001001000000
00100111001100010
01101010100110010
01010101000010010
10110000101001100
11100000101010010
11001000111010100
01000111000111000
00000111010100000
01101101101101000
11110111101111000
01100000110101000
10011111000011010
10101000101100010
10100011110000000
11100000111100100
11011001110011000
00001010100001010
11101010001000100
10011111111001000
11001101101011100
11100000000111100
01000001100100000
10101110110100010
00100100101101110
10100011110010110
01111000011000010
01110100101001110
00101111000000100
10111101010000010
10110111001100010
11100011010100100
00011101110010110
01000101001011110
00001101101000010
10100000011110010
10100111110001110
01101110011001110
01110010110111100
10100000011101100
01101000100001010
10010000100010010
11000000000110010
00011101110011110
00110011111000110
01111000001011000
10011110000110110
01000011101001110
11011100111111100
01000110011110010
01000101111000010
10100111011110100
10110100111011100
00010111101001000
00011000110101110
01111010010011000
01011010110000100
01101001100010100
01110000111001010
10011000000001100
10101100011110110
00011100100000010
00100010100011100
01111010001111110
00101011011011100
11110100000000110
11000111010001110
11000010111000000
10010111000000000
01101100010010110
00011001110010010
00010100000000000
00100101101001000
10101111001100100
11110100001110010
01010110100010110
00111110000010010
10011100110101010
00010001100001000
11110000100001100
10100010110000010
00100001101101010
11101011000100000
10011010010011100
11010111000101100
01010010101100100
11011011011111100
01001001111001000
11011111000000100
01001101101100010
11000001000110110
11101011000010010
01011101000100110
00001000001010010
11000101101011000
10000001001010100
00010101110100110
00010010011000110
10000100001001010
11000110110100100
11100100000101110
11000100101101100
00111000110110110
11100111010011000
01101000110001010
11111101001011110
01011010010111110
01111010000001100
10000110011001010
11110111101010000
00000111100110010
01101110111101100
11111111011000010
01001010101001100
11110101100011010
11100000110110110
00111101010000100
01011111110100000
00101011110101110
00101000100000110
10101100111111000
00101111011010100
01110001011011100
00010111011110100
01101101110101110
10011101010101010
11100100011101110
01101111011000110
00011110110010010
00000101000010110
00011100001000110
00111101101111010
00110100100100100
00101011101010010
11001111011111110
11000110001111110
00110010000100110
01001110001100110
10001100000011110
01101000000101110
11110010011001110
11011010110100000
11011100010100000
11111010100100000
01001110010001110
11101111110100110
11111001001010010
10111000001000100
01011101111001000
10011010100111100
10110011100101000
11110110010111000
01000010010011100
01101100010011000
10100100000111110
00000000000110000
01110101001100010
00100111100000010
01100111100000100
11000001110000000
00000100001000010
00010101001110110
00000000000100000
01000111100100110
11011001110111110
11101101111110010
01110000001001100
00110001100000100
11000001101011100
10110101011100010
10010001010100100
10111011010010010
01000110000011010
11011111001100110
01010010110110000
00110101010100000
00100001000001010
00100101100101010
01100111101001110
11001101000110010
10111101100001010
11100010111100000
11111011101000110
11100000001010100
11000000000010100
10110110011001100
01000001001110110
01101100010110100
11110110101110010
01110001010011000
11000110110010010
11100001100010100
00101001110011100
00100110010011110
00110011011001000
01111001001111000
00100001010010100
11110011110011110
10001001100011000
01100100011001100
00000101001001010
01101000001100100
00000101100100100
10101011011010010
01100001110100010
00100101011010000
11000001000011000
11001011111100100
00001100010010000
01010001011111010
00100010111101000
01100110101100000
10100001010110110
00100110100001100
01111001110101010
00011111011001000
00000001100100000
00111100000000100
01011011101111010
10110000100010010
11001001111110000
10100110100000100
11101001110101100
11110110110000110
00111101000101100
11111100001011110
00011111101110000
00111011111011000
00011110001100000
00010001110110010
10111011001111100
10101101001101110
11010010010111010
11001110001101110
00110000010001010
11010100010101110
10010001110000010
01000001101011010
11110100111001000
10100110011001010
01111110101000100
11011001001101100
01101011101010110
00011111011010100
11111001111110110
01001001000000010
00110001011101100
00010001111110100
11101011011111000
00101001101111110
10110100111001000
00001001001110100
01000000000000100
01100000111111110
01101000101001110
00011000000110010
10000010100110110
00101011000111110
10011010010000100
00111110110001000
00101000000110110
00001110110001000
11011111100010000
11111111100101110
01110110101010010
10000110001100010
10011110101000000
01110101000011110
10111001010000000
11110000101001000
11110010111101000
10011111110010000
01100111001111110
00000100110100010
00010001000101110
10001000011001000
01010101000100000
01011001100111000
11100110001001110
10010100010110110
11101101101111100
01001101010000010
10100100011101100
00001101000010100
10010101111000110
00000101010110000
10111101001101100
00101100101111100
11110100110110000
01100100000111110
01010100111010110
11110111100000100
01011010101110000
11010001011000100
00001000110001110
11000100110110000
10101001001110000
00100111010110000
00011101001100100
00000011100111000
11010100001001110
00110110100100000
00001011101110010
10111111100010100
01000111001011010
00110010000110010
00000100000000000
10011000001100010
11011101000001100
11101000101100110
00000011011111110
01100101010101100
10110101011110100
01101010011101100
11100101101110100
10100100111011010
00001101101010000
10101000010101100
10100011100010110
01010101111110100
10011011101001010
11010011000111000
10010000101110100
01111111111001000
11000101111011110
01010100101000000
10101111001000000
11100010001101100
00100111001011010
01000111110011010
01010011100000110
10110001111101010
11100001001010000
11011011010100110
10110101111101110
10001110110011000
11111111100110110
00110010001001010
11001101111110010
10110100000100110
00011111000011100
01111101111100000
01110100011111110
01110001001110100
00001001110110000
10101011000111000
00110010101001010
00010100111101010
01111110011100000
11001011101110010
00000011101011100
01101111001111100
10110000101001010
11010110000001100
10100001111001000
11010010110011100
11010101111010110
11100001110110010
00010000110111100
11101000000110010
01110001000010110
11111000110110110
10100101000001000
11110111111010000
10010011011111110
11100100001100000
00001001010000110
10111010010010100
11101011010110010
01100110100100000
10011010111001000
11001110010000100
00010001100011100
10000111000010000
10110000010000010
11001000111111000
01100111100100100
00111000110000010
10110100000111100
01111100010111010
11110000100101010
01011010111001010
10001001111000100
11100100000001110
11011101111110010
01110010111010110
01110111000110100
11010110011011000
10001010000111010
10111001111110110
01011010101101010
00010001110111010
00001000001111110
0111100011111011