1010001001011100
0000110110001101
1010110001100111
1010100011111110
0000000000010010
0110010111000011
0010100010001001
0111000100001101
0010000000011100
1011111001010100
1010011110100111
0110101001011110
0000110000001001
0010000000101000
1100010110001010
1101111000110110
1001101000010010
0011001100110011
0010011000001111
0011101010010000
1111010110000101
0101011010111110
0000000101100011
1101010100011000
1111111000110110
1110110011000011
1100001111101011
0100000001110101
1110110111111100
0101000010110010
1101101001011111
0100010111111110
0001000111000010
1100011000111000
1100011110110111
1001001100110100
1110000101101110
0011110011111001
1100100010000111
0010100101010011
1011101011111100
0100001100001101
1001000011010111
1110010010111110
0011111010011001
0010100001100101
1100110011001010
0011001000111001
0101100100111100
0101000110010010
0101100010010110
1110111110001011
0101001111110000
0011111010110010
1010000001000000
1010110110111100
0101011000000100
0100011101100101
1110111110010100
0010001011100010
1110010001000110
1101000111101100
0010011001100110
0010111110011101
1111110100010100
0101110100100110
0000110101010000
1011001110011110
1110100001000000
1111001101000100
0000100010100000
1110100100000111
0100110011101011
0001000011011101
0010010100101000
1001100010101101
0101001011101100
1001101111111000
1110111100010101
0100101101101101
0101011001011001
1100100010111000
0111010110111001
0001101000110001
0111101001000110
0100101101001000
0000000111010110
0010100101111101
0110010110001000
1110111101001001
0111011100010101
1010100011000111
1001011001110000
1100001000001110
0111111101110010
1101010111001011
1111100111111110
1111101011010000
1010100011001010
1110010111011110
1000111011111000
1111011101110110
1111111000100100
0101101011001101
1001011100100000
0101010000111101
1001111000110100
0100001111111101
0101000100110101
0100110001001011
0110111001000011
0111101000111110
0111001110100101
0101100110101101
1101001011011101
0000110011011001
1110001101101110
0110001100001011
1101101010010110
0011000010001011
1101110000010000
1100111100000000
0000010100001011
0110001001100100
0001000000101110
0000011010101110
0010110011000011
0011001000011010
0010110000001010
0110111101101001
1101110100101001
1011001110001010
1111011100001010
1010101011110001
1011100100101011
1110001010101101
1111011001011001
0111010101011110
1000001101101010
1010001100111111
0100101000110001
0000100100010110
0111000010110100
0011000000011110
1000100001100111
0111011100100110
1110010010111100
1100010001101000
0110001000000001
1010011110110100
1110100001101101
0101010001001001
0001011001011001
0010101111101111
1000110011011100
1100000010110011
0111111010000001
1010101010000111
0000011011111101
1100111010110000
0010110001111100
0011010100111100
0100100111010111
0100101000111101
0001010001010010
0000010001111010
1000011011010000
1101010011111011
1011111101110010
0000101111000010
0101011110101110
0111101101111100
0010010100000101
0000001100100111
0010011001000010
1001100011010101
1101110100111011
1001010001111111
1011011011001011
1011111001111011
0101101011111100
0111010001000100
1010000101000000
0000101000101011
0100100101010110
1000011011010111
1001101000111011
0001001011010110
0111101110000101
1110000100010101
1110100101001100
1000011011111111
1111000000001000
0100010001100110
0000000010111111
0000101111011000
1100010111000101
1110001010010100
1101110010010111
1001010101111110
1011001111001000
1100011011100110
0011110111010111
0000010010001110
1000011101000101
0010100010001111
1001010100010101
0100001000011110
1100001000010110
1111110011110000
0101111011110110
1101101000101111
0100111110001011
0001111110111011
0111010110101011
1001001101101110
1011000011100100
0001100011111101
1000011011101000
1111101100000010
1011111111010101
0110100110010011
0010110000010001
0110000100100100
1000110100011100
0111111111010111
1100010001111111
0001000011101011
0101101001111011
1100110010100101
0010010000001001
1001101110010011
1001101001110110
1011100101000010
1001110010001001
1000011010101011
1110100000100101
0110101000001111
1101000110111101
0010001101010100
1111001000011001
1011010101110101
0101011000101110
0011000000011101
0100001010000101
1001000100101000
0101100011011101
0000001101010010
0111010111110011
1101100111111110
0100010011010111
0110011000010010
1010001010011010
1110100011111010
1101011110101001
0111001100101011
0010000010110000
0111001010101001
1111001000000010
0101011110001110
0110111001100011
0110000100100111
0000110100000110
0000111110011111
1101010001110000
0100010001011101
1011110011010010
0010000100000110
0101010100101000
0110010110100100
0010001100011010
1110110100110110
0000011011001001
1010001101101110
0000001111010100
1110000000011110
0010101000101000
0000011110000110
1110000101111101
0101010010110000
0001010111101111
1001000010101100
1001110110111110
0000110011011110
0010011101011011
1101011010000001
0000100111010101
0010100011011100
0001101111001101
0110100100011000
1110110101001001
1111000011111010
0101111101101010
1000011101101001
1100001000101100
0110111001111011
1010011100011110
0100101000010000
1011001001100000
1110000110000011
0001011111101110
0000010111100111
0101100010101100
1000100110000101
1010110101100110
1011000111111000
0100010101001101
0110100011001110
1011100001011010
0001100101101010
1101011101101000
0011000000001101
0000100101001001
0110110110100100
0010000011010010
1011010001111001
1110110001000100
1100001000101000
0101010001001000
1111110101111110
0011110100000101
0001101100000011
0100000011110000
0010110101111110
0001001010011010
0110000101111000
0100011000000001
1101011010001101
1000001001111001
1010111111011000
0011010100001100
0000101110000110
0100101101010110
1001011100100100
1110101000101111
0100010100101101
1110010111001000
0110011101100101
1100111100110000
1001100111100000
0011101011001000
0101110001101111
0001000000110001
1001010001101010
1001010000001000
1101110111111000
0000000001101001
1001100001110111
0010101100101111
1010101100111111
1011100111111110
0101111011011111
1001110110001011
1101111110110100
1001111011010011
0101110000000101
0110011010000011
0011001110111010
1000110110010100
0001010000101101
1001100110101001
0110111100110111
1001111001001001
1101001010101001
0111011110101011
1101100100111101
1111100101000001
0101001000110010
0100110011100011
1010101010000010
1101010111000000
0101001101110111
1011011010111110
1111010010010100
1101100100110111
1010011001110011
1100011010100011
1011010100110011
0001111000000011
0101100101110100
0100011010000001
0000010100110111
0110000010101101
1011001011110010
1011011011000001
0010011111111001
1100011100000000
1101001000010111
1101000111001011
1010111010011110
0000101001011110
1011001111100011
1011100000000110
0110010110000010
0100011110111110
1100011111100000
1111000011000011
0110010001100010
1101110100101101
1000000110101001
0011011100000110
0011110111110101
0000011111100011
1100000010100001
1101010001001000
0000100001111000
0101011011110010
0100010101011111
0011101110111110
0101010010111101
0111010000011000
1001010001011010
1000100110101100
1011110110101110
1110111100110011
0100100101100101
1110111101111010
0011101000010110
1011111001000101
1011110111111000
1011100101011010
0111011100000111
0011001111001100
0001101110111100
0011011111011111
0111110010011010
1000000111111110
1010011000010110
1100111011010001
0111011000010111
1010111101111010
1110001010001110
1100000101000000
1101000000010010
0000111110010101
1011011101000100
0110100110011101
1110000001010010
1011001011111011
1110011111011011
1111101010011101
1110001101000110
1010011010110111
1001100010100111
0011000010110010
1011100101110001
0100010101000001
0111110101111001
1100110010010000
0100111010111001
1100001110110010
1010011111111101
1101101001011000
1100101110111001
0101000111011011
0110001111111111
1011011000110110
1000111010001000
0111011010010010
1111000011110101
1011100000100111
1010000000010100
1111001011000111
1101100001001001
1101000000110010
0011011011011001
0101000011000011
1010000101000110
0010100111001011
0101101101000000
0101011011011111
0010000010111111
0111100111001111
1111011001100001
1000110111110111
0010101000000101
0011101111111000
0111101100110000
0101100101001001
0100101110101001
0100100101101000
0011010000100001
0100001111101001
0011001001101101
0100101010101101
1011000101001010
1001100001111100
1110011011100111
0101111111101010
0101010101101011
0111010001101000
0011101000111011
1111011111000110
1000100001011011
0100100010111111
1000111111100110
0110110000100010
1111100010101110
0001010111111001
0001011100100100
1010010000001000
1101110111110100
1010101010001111
0010101101011100
1100011010010101
1011011101011110
1011010110101000
0100111010101001
0111001101110100
0111111111011100
0001011001101000
0001000101000010
1101001110111100
0101100001101111
1011111010100101
0001010110011111
0100111101101111
0010100101111000
0011001010010100
0001100111000101
0001111110101111
0010010011011011
1111011011111001
1000100111111001
0100000100101101
1000101001110001
1111110101111011
1000101111000110
1101011110000001
1111010100101010
0011000100011101
1100001000010100
0011000111010101
1011111001010110
0101000010010100
1111011101000000
0111001000001010
1011101001100101
0010101011010011
1111011010110000
0011001010101110
0010100110011110
1101100011111011
1011101100111110
1111111101001111
0001000110110010
0010100110101110
1010110101010010
1000001100000001
1001010001000011
1101100001001001
1101100000011110
1111010000011111
1000010100100111
0000010111000011
1010100110000011
1100001010110111
0011110100100000
1100110000011011
0001001111011101
0110001011001011
1000000010001111
0111001101110101
1100000111001011
0011100101000100
1101011100011000
0011100100111100
1111010110100000
0010001111011110
1000111001011011
0010011100111111
0110011110001110
1010111000110100
0001001011101110
0101111111111100
0010011011100100
1111010100101000
1110110010011011
0100110110011001
0000011001101110
1101111111100110
0001011010100011
0001011110110111
1000111100000011
1111001111111110
0110011110101111
1010101001110101
0010100000001111
1100010011001101
1100110101011101
0011001101010001
1111111100100010
1011010000100011
1011011101000010
0100101000110001
1110010001101101
1001010101011000
0000111110100111
0110111101011101
1001001010011001
1011001001110101
0111100111101101
0110110000100010
0011010011100001
0100001100011111
1000010010100000
1100100100111110
0100011111110011
0111110010110010
0111010111100101
0110001101010101
1100000000011111
1100101011001001
0011001111010100
1111100011111110
0100001010111000
1110000001111000
1110011100010100
0000110010010000
1101001101110010
1100011100010010
0001110110111111
1001100100000111
0000001001101110
0110111110111001
1100001010011101
1000011111001111
0100011000111001
0010101101010000
1000010011101001
1010001100101100
1000110111111010
0110100001111100
1100111101101110
1101100110110110
0001001101101010
1100010000000110
1100010101010000
1101111100111111
0110010101100010
0011111100011111
1111010000000000
0011100111100000
0110101101111000
0101101011000000
1010010110110010
0010011001100100
0101100011101110
0111011011111011
1001010110100010
1011100000001111
0111100010110101
1110011101001111
0001010011001000
0001011110001101
0010000001010100
0100110010111011
0100010010011101
1111000100110001
0101000011110101
1101001101110001
0101011111011011
0100010100101001
0010001100100011
0110011010011101
1000010110011101
0000111110111001
1110110011100000
0111000110001000
0011010100011101
1100001101010101
0101110011000111
1000100100001100
1100001010001110
1101010110001110
1001111101110011
1110100100101010
0110001000000000
1011010000100111
1010000011001001
0101010110100110
0100110100010110
0100000001001001
0101000001110111
1101000001001001
1001111101101010
1101101011100111
0001000100101100
0101110101101001
0101010010101010
0100111110101100
1010000000011000
0100001000000101
0110010011111011
0111111111011101
0110110010011101
0101010110110001
0011001011111111
1010011101000011
0011011110010100
1001111011100110
1111001001011010
1000110010100111
0001000110111110
1100100110000011
0101000110000010
0010110001000000
1111000000001010
1110100100101100
1010011011001101
1111101100100111
0100011110110011
1001110010100101
0100011110011101
1010100110111111
0111101001001001
1011101001011010
0111110100010010
1111001111100110
0111101000111110
0111101011000001
0001111101011010
1010011000011110
0100001000100001
0010110101100011
0001011011011000
1100111010100111
0100010101000000
1101101011000111
0100111001011011
0101101100000011
1010010011001000
0001000011000010
0110101111010011
0011110101111011
0000000000001000
1110111111110111
1010110000100100
0100001110011010
1011101100111011
1100010000011011
1011000001100010
0010011011000110
1111000010010100
0110110110011001
0010001111111101
1101000100110110
0100110110010011
0100000111001111
0000010111011101
0011000001100110
1100000010011101
0000000111010010
0010111001001010
0101011010000110
0000010100011011
1001010101111011
0011011110011101
0001110100101011
1101101110100000
1101000011010111
1110110011001110
1010110000000101
1111010011011101
1101010000110110
0010000101110010
0001100100111001
0100010010111111
0110101001011000
1010101000000011
1101011011101111
1010011100000111
1001010111111111
1011000001100111
0010100001011000
0110101100010111
0101100110110100
0100010111110010
1111100110011101
0011101110111110
0101111110110101
1101111001000110
0000110010000010
0000001000110111
0000101010110001
1010101010010110
1011001001000010
0110111100110100
1110011011010011
0100001100001011
0111101010101100
0000001010100011
1010000111100110
1011111011111111
1011000000000111
0100101001100000
0110100011111011
1001101011110101
0100001101011111
0101010110101101
0011000101110010
0000101110010001
1100100101011110
1101010000101101
0010110100100001
0011001000011001
1101010011001001
1110001110001010
1110001111000001
1011011101000100
1100111010000100
0110111101101100
0010101100111001
1110110000011111
1000101010011000
1110100001001100
0010101111101000
0010001110000100
0000010110011011
1000000101001010
0101111011101100
1001010100011110
0100111010110011
1110100000101010
1011001001110101
0110101001000011
1110001110111011
1110010111011111
1000111011111101
1000111000101111
1011110100001001
0101010001101110
0001011000011100
1111111101101001
1010000010001010
1101011011110100
1100101011011011
0010001110101111
1011101101000001
1001000000101011
0111101111001101
0001111100100000
1111011011100111
1001100111101100
1110010110001100
0110010011011100
0101101000010110
0101010001101111
1011000111110110
1111001100111011
0000001101010010
0000100011101110
0000010111100111
0000101010101101
0000011011001010
1101000111100011
0011110000101111
0101001010110010
0101011000100101
0000001110110010
0000001110010001
1110001101110111
0000001110000010
0010000110011010
1111010111001111
1010010011101100
0001100000111101
1101010100011011
1000111001100100
1101011011000111
1111011011011101
1010111110100110
1000110101101001
0010010000111110
0111011110101001
1111110111010010
1000101001011111
1100101101101111
1011001110110011
0100010001111000
1001001101101111
1010001111010101
1010110011101110
1101000010011110
1110010000010011
1001010000101110
1110100100000001
0110110100011100
0011010110000101
0010000101100110
1011000110100010
1100001100100000
0100101111000100
1011110110010110
0101110001100111
1010110111010010
1110000000000001
0111001011110001
0000110011111000
1111011011011001
1101000010001000
1010010000110110
1100011011111001
0001101110000010
1101101110111111
0110011100110001
1100100111000010
0011010101011010
0010110100011100
1111100011101100
0000110110111011
1101000011101101
1000101001011111
0010100111101010
1100000010011000
0010000101011000
0110010101001101
0001011000101010
0000101001111100
0010000010000100
0111001101000000
1011000110111000
0000001101100101
1110111101001110
1101101101000000
0100110110011011
1011001011100101
1101100001110110
0110101001110100
0110100101101000
0010100001001011
0011110010010110
1110001001011100
0010000010110110
0111110011000010
1010100100111100
0100000010100000
1000100011100101
0110111010011000
1010111111110010
0000000011111111
1101101100110100
1000101100001011
0011011000000101
0100111111111000
1011101010111010
0100110000010000
1001110001011100
0011010111111001
1101100001011110
0101010001110110
0110110100000100
0111000100011001
1000101100101111
0001001111111000
1100110001100001
0000010000000011
1111011110011010
1101110001001010
0001101110011011
1001110110001010
1000000101110000
1101111100111100
1010110111101100
1101110010111111
1001101100001101
1010110110100000
1000001101101101
0111111001000011
0010101000010000
0100000101100100
0011110100111010
1111101001010111
0110001100100111
1110110001101001
0100011100011111
0001010001110001
1111100111011100
0010111010100101
1010111111010101
1010101000101110
0100011100111101
1110000101100110
1101110010011110
0101000100110010
0010001011000011
0110010111111111
0110101110111011
0110011100111110
1110001010111011
0001111110101011
0100011110011100
0000010000000101
1010011000100110
0010010100001001
0101111111010000
0011100100001011
0011011001001010
1010010010001011
0110111101001000
1111011011100101
1000100100000110
0111111011110110
1111001101010011
1110000001110100
0010010001010001
1000100111000000
1111101111101011
0111001010110101
0101011100100110
0001010101010001
1110011110100001
0001000011010010
1111111100111110
1000100111100000
0010010001000110
1011100011101000
0101110111010011
0111111001011110
0101011000001001
1110101011110011
1110100010110100
0001111001001011
0001101111100101
0101011011111101
1011111111101000
1010110010111110
1000111111100000
1110111101101011
0100011101100111
1001110111000110
0100110000100111
1101010000110001
1110010000011101
0000110101101001
1001110011101110
1000011001010011
0010010000111010
0110010110011000
0001100100110011
0110000100101001
0010010010110111
1110010001110110
1101101010001000
1110011101100010
1111001101100111
1111001101000001
1000010001100101
1101111000101100
0010011010110000
0001010111101010
0000010001110011
1010111001011110
1011111011000100
0010000010010011
1110001101101100
0110101101010010
0101010110111000
0000111111000010
0011000110110011
0000010011110000
0011010010111010
1101001001111101
0100100110101010
1011010110001111
1000000011100001
1001010001010000
0011010101011010
0010101101111110
0110110010100110
0000010001001100
1001111110111110
1001001010100010
1010011101101001
0100100000010010
0111011111100011
0010100001100000
1000011000100011
1110100010110110
0010001111100000
0100101000010111
0100010111110111
1011000010111000
1100100110101101
1010000100111001
0100100001100101
1000110011000110
0010010011111001
0011110101111110
0011110000110011
0001011101111010
0110011011000111
1100111101101010
1011000011001000
1001000101011011
0000110010100110
1010001111010101
1010110100011001
0100000110101100
0111011110010000
1011110000110110
1010001011100011
0100100010010000
0111001001111010
0011001101000111
0010110110101101
0001000101011110
0100110101010100
0000111101111000
0110011000110011
1010001100000101
0100010101010110
1111001001111010
1011001011011001
1000110111000110
0011100010101010
0010010001111101
1001100010100111
0010111000000110
0010000010010100
1111111011011001
0011000000111010
0100000000110100
0101110101010010
0111001111000111
1101100101000001
1111100101011000
0001100111110110
1101011100011110
1101100110100011
1011101111100011
1111100011100001
1000100010111101
0111101011101100
0110001110100010
0110110110101111
0110101000010000
1010010110011010
1011011010000010
0000100100100011
1111010011100111
0000111000000101
1100111100111100
0011011101111001
0011001110101011
1000100101000110
0111100101001101
1000010101010111
1011010100011010
1011011111101001
0010110000011010
0110000011001100
0111111110000011
1010111111000100
0101011110000110
1100111111001001
0111100010011101
0011001011010000
0101001101010011
1110001011000011
0011110010010100
1111001111010010
0100101011001001
1011111010110000
1000111010010111
0001001101001001
0110001011011001
0101001111010010
1110101011000001
0001000000101110
0111000000110000
0101000011011000
0010111110111010
0001011100001110
0111110000111111
1111010001110101
1001100010010110
1011010101001011
1111000100001010
1111001110001100
0100011100000110
1101011111000010
1101100101100111
1011001110011001
1100101001010101
0010111011110010
1010001100101000
0110001011101010
0011101011100110
0101110110010001
1000001011011101
1101001110110010
0110001100101100
1110110011101001
0101101100101100
0100110001111111
0100000000101111
1001011111010001
1100100011010101
1111010101111100
1101001010100011
1011000110100110
1110111000011110
1000111010110001
0000011001100001
0110001111100011
0111000000110001
1101001011011101
1111110100100011
1000111101000010
1111100101101011
0001110001111000
0100110101010000
0101111100101110
0001101100000011
0100101011100111
0001111101000011
0111101001001011
0100110111101100
0001101110000000
0011110111110100
1001111001011111
1000101000100001
0001010011000010
1011011001010101
1101001011100001
1101010000111111
0011100010100101
1001101110111011
0011000000101100
0110011000011010
1100100100111100
0101111111011111
1010110101010011
0101100101110100
0000001111101011
1000001110011000
1010010001011001
0100001100101000
1011011010010100
0100111100000101
1100111001000110
1110001001100110
0010110101011011
0001000001011000
1110101111100110
0110010100011100
0000010111110111
1101100101000110
0010011101101011
0010111100111100
1101000010010111
1000010001000111
0101010101110100
0101010111110011
1001111011010001
1011000011001101
0010111111110001
0011001110001010
0011001110111101
1110011010100101
1001000001101100
0111000100100011
1011101110101010
0110100101100011
1001011101000101
0100000100001100
0111010100110110
0100101111101000
0101111101011110
1010010111100010
1011010100001100
0111010000011001
0001000010101011
1100101011000111
0100101101010011
0010000001101010
1010101011000010
1111010000011010
1011100010111001
1110111100100010
0001111110010110
1000010111100010
1110111010111111
1110011101011011
0001100100001110
1111001000100010
0000110101010110
0001100011000101
1110011011100111
0110010001001001
0100000010010001
0010101001000011
0010000000011010
0110011000100100
0100100100001001
0010000000110110
0000011000110000
0001011111100101
0101001101100101
0000001100111011
1010001011110000
1101100100000010
0100111100001011
1100101110100000
1001100001000011
0110000000000001
1101110111000101
0110000100100000
1111110111101010
1110101000001111
1110111111100111
0000000100001001
0101100100000110
1010001010010001
1011011110011111
0101001111101010
1100101110101111
0110010001110011
1100100011111101
0011100011110000
0001011011010101
1110010100111100
1100110000101100
1100010111010010
0100000111001010
1001100010111101
0101101010001110
0010101100000010
1111010001110001
0110000010000001
0000110011010100
1100110001101011
0000111100011110
0110110001001010
1000101111101010
1010101001100111
0100100011100011
0010000000101110
0100101101010001
0101111110010011
0111111010011100
0110001001000111
0001001101010000
0010010011011001
1001000111011001
0001101000010101
1001000011010111
1101010011110101
1001100011000110
1101011010100000
0001000000001001
1101011001000100
0001101011101110
1001110111000010
1010000001011111
1010111000000001
0011110100011010
0110100111011100
0000000001011101
1101111110010100
1111011011010101
1000011001010100
0000100110010101
1100001101010011
0110110101111101
0000000101110110
1000000011010010
1111111001001000
0000000100101100
1001001000101010
1010010100111011
1101011010111110
1101011100100011
1111001101110100
0110111101000011
0111000011110011
0010000011010000
0010111111111101
0010100110111111
0101111001010000
1111100100111000
1010011000110000
0100001011110011
1011000001111110
0011010100100100
0001000000001000
1101100100101000
1101000010011001
1110111001000110
0101000000111100
0110010111010111
0010010010000010
0010110011110001
1010000111100100
1101101100010101
1010000001000110
1011101110001010
1100100000011110
0110100101001110
1001001000100110
1010011000011010
0000111011001000
0011100011011000
1011101110010111
1110101010101011
0101110110110000
1001011010110111
0110111111110010
0000001011010101
1000000001110101
1011000001001101
1011110000101011
0100100111011111
0110101010001111
0111011101010000
0000010101000100
1000010010011011
1110001001010001
1101100100110001
0010010010011000
1000111010110100
0101111100100001
1111001001100111
0111111100110000
1010001101111111
1010101100010101
0010001110001101
0110101011100001
0010011101110010
1001000011010110
1100010111101110
1011010110001011
0010100001111100
0011110010000110
1111010010000110
1000001010001011
1100111000010010
1010011001001001
1111010111010010
1101001010001100
0111111001101110
1010000010111101
1101001100010100
1000000010011110
1011110011001011
0110110100011101
1010001101000111
0110010110001011
1001101011100110
0011000110101111
0100000011001110
1000000100111011
1111001101011101
0011010110001000
0010000101111011
1111011111110001
0000110110000010
0111101001000101
1010110111000100
1011000100011011
1101110011111001
0011101101011100
1110111110001100
1111100110011110
0010111011011111
0000110100000001
1111101011111111
1101100110001110
0011111100001101
0010001100000011
0110111111100010
0011000000101000
1100000100110001
0001100101100110
1111101111000011
0111010001011001
1010111010100110
1100100001100110
1100010001100101
1010110011010000
0001110001011110
0000101101101001
1011000100110101
1011001111001101
1101011001000000
0011101001110011
0000111100101010
1100001111001110
0100010001001010
1111011000011010
1110110110000100
1010011101001001
0110000111010011
1001111110110110
0010011011011011
0101001000101001
1011001100100000
1001001011000111
0010101100000101
1110111011010101
0111100101010110
1111011010010101
0100000100100011
0000011011110110
0001000111111001
0011001100000111
0111100110100111
1001010110111001
1111111110010101
0100110111110000
0110101111100011
0100001001100110
0110110011000011
0010001101111011
1000110010010101
1010110111110000
0101111001110001
0011111111011010
0000111101101110
0011001101110001
0110000011011100
0000101100000100
1111010011011000
1101101101000110
1000010101111101
0001010011000011
0110100010110011
1000111100010000
1101110100100011
0011000011111100
0011101110011100
1101100100010110
1111111101011101
1011111010101111
1100000100001011
1110111010100000
0101110100010000
1111101011001001
1100100110101111
0010001011011111
1000010000001011
1010011010100010
1001000101001010
0000111000010000
1101000101010010
1011011010011010
1101111001111000
0011101111010000
1011110111100100
0010011001110011
1010110011110001
1111010010010010
1001101010011111
0100010010110100
0000111000100100
0000111011111101
0101111011000110
1110110101010010
0100000111001000
0001101111101001
1001100001001110
1010110010011000
1010010011010100
0100000010111111
1101011100000011
0011011001111011
0100011001010001
1110111101101000
0100100110010111
0111010010000010
1111011011110011
1110101111011001
1111011001101110
0101101001000100
1110010011011111
0001111010110111
0111010101010101
1001101010010100
1111000111011001
0001110101001101
0000010111000111
0111100000010011
1101011011111110
0011101100010100
1100010011100010
1000001110100100
0110111110001011
1010100011101000
0011101110001010
1101011100010101
0001010000100101
1001101110111100
1100101000010011
1000100010100010
0110001101101011
1111000101010000
0110000011000110
0100001010100100
0101001111111000
1001111100000010
1100011010011111
0111000001111101
0111110011001101
1111011001101110
0000111001010100
1101110110111000
0100101010100111
1010000100010101
1011110110000100
0000111000001111
1001111001010011
0111011100111100
1001101011100110
1000111000110010
1100001101000101
0001110110101101
1101100001011100
0011010000000001
1010000111101010
0110011101011100
1111000110001101
0001100100100111
1110111001111001
0010011011101101
1111110111100101
0010010100011010
1001100011001110
0010111110101110
0101000011100100
0100100110001000
0100000110001100
1000100011001010
1111111110111001
0111100110001010
0101100110111000
0110111111011111
1111110100111001
1010001000100000
0010111001110010
0100110100000011
0010100011100011
0101011100011100
1011101001101100
0001100100001010
1000011111101100
1111101101000010
0010110000000110
0100011100111101
1011011001100000
1000010101100001
0111001001010111
1011110001100111
0101101100011000
1100001111000101
1010111111101010
0110111001011101
0110111100011000
1111110011110001
0100101100110100
1000110000000011
0101001100001001
1100001001100010
1101011011010101
0010011001010000
0101110101001101
0101110101010101
1101001111001001
0001100010111010
1011100011100111
0010100101111100
0111001111110101
1100001011111111
1010111000010101
0010000010000110
1111101110110111
0111100110001001
1010000111011010
0010111111101010
0101110011111011
0001111000111001
1110010110100001
1010000010100100
0010000000111111
0001111101111110
0111000011000110
1101110101001000
1001101100111101
0010011110101011
1111011110100111
1000000010011110
1001100101101011
1100000000111110
0000000110001001
1100101001011001
0011111001110010
1001000010111010
0011001001100011
1111000010100001
0001001110110101
1111110010001001
1110000100011111
0010001011101001
1001100011111011
0101001100111111
1010110110110001
0011010001111010
0110001111000010
0010010010001110
0010100111101000
1111110011000010
1110000110001111
1001010010110101
0111100001101010
0001010101110010
1110010101001110
0010011001110010
0001100000010101
0110100101001010
1101011000100000
0111100101000001
1001000011010010
1011011111100010
1001010110111110
0101001001100010
1000011110000100
0100100111100001
1100110101111001
1101111010000001
0111010000100001
0010011100101011
1010011100010010
1011110101110000
0000000111111100
0010110111111000
1110001110110111
1101110001110101
0000010100101010
0110011011100110
1011100000111010
1001000001000000
1001110001011011
1110010100101111
1011100001011100
1110100010001011
0011011001001101
0110100101011110
1010111001101001
0111101101010111
0111000010111000
0111111100100100
0010101010011000
0011100011001111
1010100011101001
0111011111101011
1111011010110111
1100000000010101
1000110110111100
1101011010011001
0011011101011001
1000100100010101
0110111111010100
0111000011001000
0101101111101111
1110100111010110
0111010001000010
0000111100010110
1100010000101000
0101010001001111
0010010110110111
0011010101000011
0010000001010001
0110100001001000
1100011100111001
1010000110001110
1000000111111001
1110011110100111
0110011001011110
0101001110101101
1111011110101101
1100000110100101
0100001100100111
0000000011100100
1001101000000111
1010000101001111
1100000111001101
1111101110001110
0011011111000100
0000001001000100
1011011001111111
0011100011001011
0011011011110010
1000010101001101
0101011101010110
1001001101111111
0000100111101011
1011010010011010
1011101001110000
0101100010111010
1101101011110001
1011110110111100
0110000110111010
1011011000111010
1100100101100000
1100010100100101
1111100100000100
1000111111111000
0100000001001001
0101101010011111
1011011100000100
1000010001111011
1110011010000000
1111101100110000
0101100111110101
1000011000010101
0101110001101010
1110101101110111
0001100101000010
0111101010001111
0110111000100100
0001011001000011
1101001100000101
0110000011001010
1010111001010101
1000100100001011
1111100100011110
1001110110111011
1000101001111111
0100110110000111
1111010111001100
0101001011010011
0001101101100000
0110000011010000
1000000101111010
1000101011101010
0000110000100011
0111111101100100
1000100111111000
1011001011011101
0011000110110001
0110111011110000
0111101011001011
0011001000101000
0011000111000001
0001100111010111
0001100110000101
0100110011111001
1001110111101011
0011110011000111
1110000101110011
1110001000100100
0110100010110000
1010000011111010
1111011000100011
1101110010101111
1000111000101101
0001001101111001
1000111001111010
1001100000000011
0000100001101111
0001111010101011
1010110100010000
0001101101111001
0011001001101100
1110111101101010
0101000111110000
0010110111011111
0000100111010010
0000000100101110
0100110100110101
0001110110000010
0111011000001000
1111000001001100
1100111101000001
1000011110100010
0011010001111110
1100000011100010
1000000000001101
0110101101000110
1110101110011100
1111010100111100
0111110000100111
0100010100100100
1001100000010001
1111001110100110
1001101011000011
0100100100111110
0110001100000011
0101110100010011
0010010111011101
1110111001001101
0110001010010101
0111011111100011
0010111001011010
0101001001101101
0111001100101111
0001110110111011
1000010001100011
1100110010011001
0101100000011011
0100011100111100
1111111010111010
0010000000100100
1101111101101111
1010111110011101
0101101010101111
1110101001011000
0001000101101000
0100011010001010
1001111000010101
1110011000110000
1001101111100111
1111001100011010
0101111010110101
0001010100101111
0011011100010100
1011010100110001
0010101101111111
1011100111100101
1101000100001100
1001001001111000
0001001111010010
1001111000111010
1010000100010000
0110100101101010
1100100110010100
1000010111100000
1000100100100001
1110101001011111
0100111000100110
0010001111000010
1010111110001101
1001000101111001
0110100110000110
1111010010110001
1110110111011001
0101011011100110
0001000110010010
1100000111000001
1001101101111101
1000110110101100
0010011101010010
0001101001100010
0101000110000110
1100001101110011
0110001001100001
1000000110010100
0100000110010000
0110111010111010
0110101101011010
1011000110010101
1011101011101001
0010000100111100
1000111011000101
0000111001010001
0111000101100110
1011110000110010
0110000010000100
0101100010110100
0001100011111111
1011100010001001
0010110111001101
1101011010011101
1010110110110000
1101101000011000
1010000110001001
0111000010001100
1011101101010010
1101011001100000
0100001001001101
0010011000011100
1100100011110000
1011111000101110
1111010100000110
1111011110001001
1011011011010011
1010111000101001
0010011010101101
1010110011000010
1110101010100110
1100000001101101
1101101101100101
1000100000011101
1110110110000001
0010111000011110
0101111000011110
0110100010011100
0111100100001101
0001111110010001
1000011001001110
1000010001000000
0001001011000110
1110010000010111
0000010100010110
1011001010101000
1101111111111011
1000000100101110
0000110010111101
1000110111111001
1110011000010111
1001011101010111
0000100010110110
0101000101100000
1001010011111011
0001010010011011
1110100110010000
1011111010000000
1011111100011111
1010011000101010
0100111111111110
1110011000101110
1011110011100000
1110000101111111
1010010001001011
1000011010010010
1011101111011000
1100010010100011
1011110001000100
0100010011100001
0110100000101010
0001111110111110
0000000010101101
1010111010000111
1010010000000011
0001001110000011
1110111100001010
0000010101111110
0111110010011001
1100101000011110
1001110111101010
1010010111010010
0011101010000001
0000101001011111
1011001010000000
0111010100000101
1110000100000110
0111101100001111
1000100011100101
1101111101010101
0001000011110111
0010110011000111
0110111101010010
0010100011011111
0001010101010101
1101110010100010
1001101010100000
1000010001110011
0011011110000100
1011100100001001
1110101100111110
1110100000000000
0010111011110110
0110000110010101
0010111100001100
0100101001010111
1111011111000001
1100100001100001
0010011101011111
0011001010100110
1001011011111010
1110010000001110
0100101100000011
0000001101001010
1101000011100110
1011110110111000
0100001001011001
1111101000110001
1010010011000000
1110111001100010
0011000100110011
1110000010011000
0100010100110100
0111000100111101
0011011000000110
1000011001001010
0001110111001110
0010100001011111
1010001110101011
1101000101101111
1011110010110110
1011100110110011
0011001110101011
1100001110011011
0111010101010101
1010011110111101
1000011010111000
1101111011101110
0011101001110001
1110011110101100
1010100111110101
0110111111011100
0100110111111110
1010001011000000
0010110110000110
1100110100110101
0111000100100110
1111011010100001
0100010111111101
0101100010001100
0011001001000000
0001000000101001
0011000111000110
0110101100100111
1110110110100100
1101010111111101
1100111111011010
0001011000100111
0010000010011101
0110010110110010
0101100101110000
1101001101001011
0011011000110100
1001101110011011
0010010001110100
0101000001001101
1111001000001101
1001100001110101
0110000000110100
0110000000001001
0011010110011011
1011001110111100
1110011101000111
0011110111101100
1111001100011010
1101000111010000
0111011101010010
0111101000111001
0111100101010101
0100001110101101
1111000000010000
1101011011110100
0101001000100111
0111000000101110
0000100001101011
0110111001011101
0011101001010101
1110001011110110
1111001011001010
0111001111100111
0111000110001000
0000010000010100
0100001100000110
1001001010110111
0000111010000010
0110010000101010
1001110100100000
1001011001000110
1111101100010001
0001100110101001
0100101111110001
0010011001000110
1010111101010101
1101001101010010
1110100101000111
1100001101000011
1100101001000011
1100000011100111
0010010001011010
0000000101011001
0010111000000111
0000111101101100
0001110101000111
0000010000001100
0101110111110001
0111001010100100
1001000001100100
0000001001011010
1100101111010001
1111111111111010
1101111010100110
1001110010100101
0000000111000110
0001011010000100
1000001110000111
0100010010101100
0110001011100110
1011110111101100
0000100010101101
0001000101010101
1010110101001001
1010001101001010
0011000100001101
1010110001110010
0100010010100111
1001100000100010
1101011110111011
0010100000001101
1011001010110001
0110011010001011
1011010111001101
1100001110100000
0011111010010011
1000111010111001
1100111100011110
0100000001001101
0000000011011011
0011101100010000
1110001001011010
0011010101100110
1110100010011001
0100101001110100
0001111100001101
0101010101100111
1010110011000011
0110001001110000
1100100011110101
0010011010111001
0000011011001110
0010111001010010
1010011111010100
1011100011101001
0100011001100001
0100010000000111
1111100011100111
0101110001101011
0000010001010010
0110100011011101
1001000001100000
1001111100000101
0000000110110011
0000101011110101
1100001000001101
0110001011101111
1110011101101000
1010101001011110
1101010000011001
1110010011100000
1011101011100011
1111011001011110
1001011000100011
1001000011110010
0001100110000111
1001001000100001
0011100010110011
0011000001100101
0011110100101011
0100001011110011
1010100011111100
0111101001100100
1011111001110001
1001111000101110
0000001100101001
0010111101001101
0110011111101000
1101101100101111
0000000110100001
1111001101011001
1010011100000111
0010010000011111
0011101010100001
1101100000101011
0100011100111101
1010101100110111
1110110101100011
1100110101100101
0110000110010000
0001111000010011
0111110010001111
1010011001011000
0110000110101100
0111110110110001
0000011110000011
0011010101001100
1101100011101110
0010100101101001
1011011110000001
0100111101010010
1110001100000000
1111110011100101
0101000011101111
0011100000010001
0010110100101111
0110011001011001
0010110100100110
0000111000000001
0100100010000011
0001001000100000
1000110000100111
0010100110100000
0001101110110111
1000000110010010
0000110110100001
0010100001100101
0011100000011111
0011110110100000
0010011111110010
0000010100100000
0000111111001110
0110001111000000
1001011011011000
0111000101110111
0101010001110101
0110011100000110
1101111010110100
1101010000110001
0011000010101000
0010011101101000
0110010101011100
0111101111100011
0111111110011000
0001110001100011
0100110010000000
1100000010010100
1111110110100101
0101000100010101
0010101011000011
1001101000101010
0010100010111110
1100000011111001
0001100101001101
1011010101101010
0001110000101000
0101000010110000
0000110111010111
1101111000001100
1011111001111111
1101101011001101
0111011110100110
0001011001001110
0100111111010000
0110100101011111
1010100000010000
1110111101011100
0101100000011101
1000101110100011
1001100001101010
0111110010101100
0011101001100000
1001011001000100
0011110110011010
0011101001101110
0110101011101101
0100101000100000
1111000000100100
0100010011010110
0001100110111011
0001010010111101
1111111010111000
1101010110011000
1100101001111011
0010110001001101
0110001000100111
1001000010111010
0000100011001001
0010000000111001
1100111110011110
1000110101100000
1110001110001110
0101100000011100
1111001111010101
0100011111011110
0110001010010000
0010010100011100
0101101010011100
1010011010011111
0110000011011001
1110001100110111
0111101101000100
1001001100011110
1011100000101011
1101111101101101
0001100100001001
0111110010010000
0111110111100000
0110101001101101
0101101000110010
0110001110110000
0110100111101010
0011110110011000
0100010001010100
0111111000111001
1011000000110110
1001001000000011
0001000001110110
1011010010001110
0100100100011100
1100100110011001
0101001111001011
0100001110110111
1010010100001001
0011110001010100
1000101111000000
0010010101010010
0010100100011110
1010010111111001
0001000000101000
1110001001110110
0011111111110000
0100110101111111
0101101010001101
0000101110100000
1111100000110010
1001100000000101
0101101111100100
0000010101011010
0011101101011010
0010010001001000
1011000010101101
1010011101111000
1110011010100000
0110111101110000
1111000000011011
0111101010100010
0110111000001001
0011000101111001
0100110101000010
0001111011010101
0001001111101111
0100111111001111
0101110010000001
1101101110100000
0010111110111011
0000101101100011
0101111001111101
1111000101001000
1100000011011111
0110001010111101
0100110111011101
1001111110101111
1010110110010111
1000001000110101
1101010011110010
1111011111110001
1001111011100010
0011111110100011
0001010110101010
0010010000110100
1101000110100101
0101111010011011
0110000001110010
1001100000010111
1111110011001000
0001110101010110
0011101110001000
1100100100110000
1100010000000001
1010011010001001
0001001000110000
1000111010111100
0100010001101101
1001011000101111
1111100100010110
0111000111010010
1101000001011110
1111111011001001
1110110001001011
0101110100000001
0100011010000110
1000100111111000
1011001101001010
1101000111110100
1001100011010000
0011110110001110
0000110110001100
0110000011011111
0000110011100110
1110111111000010
1011111010110111
1001110000011100
0010101110001001
1110101101001001
0010010000100111
1000000100001100
1111100110100100
0101101010011111
0011001001111001
1100111100010010
1111110010110010
0100111110010001
1010000101010100
1001001110111011
0100101001110010
0110000000100100
1110101011011001
0100000011010101
0001111010110010
0100100111001001
0011110111101001
1011010110001101
0100011110101011
1011000000011011
0101110001010010
1111100101111001
1011100010110011
0010011001001111
1101100100000101
0011100011000001
1001000110100111
0011101000010010
1011110000010101
0111001011011101
1011011000010001
0110100110111111
1100101110011011
1100110100011111
1011111101011100
1000110000111110
1010011000111110
0011011101101010
1101010000111011
1100001100111100
1111011101101101
1101000010010100
0110100000011111
1101000010100100
0010011010000110
1100110101000100
1100011000100000
0111001100100110
1001101001111001
1111001110110100
0101010000110001
0110100000010000
0010000100100000
0011011111101111
0111101011101001
1001001000110101
1101111111001110
0000000001111010
0001011010100011
0110011010110011
1001001010011011
1011101001001001
0010001011010001
0100100110111111
1110011101000010
1011110110001001
1111111110101011
0001110011001010
0001011100100101
0101000100001000
1110011101010001
0111011100101010
1011100100011101
0100011010101100
1001111101111001
1001101000010001
1011001100111110
1111101000111010
1110011100011110
1011101110010001
0111001101100110
0110110101010001
1001100000000111
0000111000100100
1010100110000101
1101001111111011
1001110010001011
0000000111000010
0000110010011011
1001001011010001
0000000011101111
0001000001010101
1001000001101101
0010010100111011
1010011111101010
0001111111111110
0010101001011000
0011111110110001
1010011100110001
0001111101010001
0111010000111000
1010000011000011
1101000010010100
0111011111100010
1001111100110111
0111000001111110
1111001100110111
0110111111011100
0010101010100001
0100010011111010
1000011100000001
0110100101001011
0001001110000111
1011110011010001
1000010010001111
1001001110110100
1011111011010101
0100110000101001
0100101000101001
1001100010000011
0011110011010110
0000000010110011
1000011111100001
0111110111100001
0000010110010011
0101001011110001
0000111101111111
1101110101011101
0010111000110111
1110110111101100
1010110111001000
1100100110110001
0111010011111111
0100000101101111
1101001010111111
0111110111110010
1101000100001010
0110100011010101
0010010101010110
1110011001110001
0000010110110100
0000000000100111
0111011100011001
1000111010000111
0101010000101010
1110110100010111
1100011000111001
1011011100001110
0011011111111101
0001010100000010
0011000101100111
0101101011110101
1110011100011011
0101100110101110
1101010100000110
1001001010000011
1000101001000100
1010100010111001
1111101110101111
0010010111001110
1111001010000000
0001111100110011
1001010100101011
0011011011110010
0110111110101001
1101101111001110
0111010100110010
0101001110000100
1111011110100001
1111000111000001
0101001101111000
1101000110111111
0010000001100011
1110010011100011
0011011001100000
1101001010000001
1100001001110010
0001100111010100
1010101011011110
0000110001101100
0000001101011111
0010101100001111
1110000011100100
1000010000010100
1110001100111100
1010001111011101
0001011101101101
0000111110111011
0000000100110010
0000000101100100
1011101110110010
0000001011101111
1011001000010010
0100110001100000
1111010111111011
0001001001111100
0111100011010100
0011010101100001
1111001101001100
1100000100111001
1101100011101111
0100111110111100
0110010010010011
1000001111111110
1110101110010011
1110101001001010
1011111110010000
0011100111111010
1101110000011011
0000111011111100
0111111000100010
0100100001001111
1110010110110001
0000011011011000
0000001010010001
0011101101001011
1100110100100110
0000010010010010
1111010011101101
0111101001001110
1010000101001000
0001111001100111
1011001111011110
1011011110110111
0111101001010000
1001110011111011
1111100100010101
1010011100001100
0000110100000011
1111001101101100
0001111000000011
1110000110101100
1001101010000111
1011000010010011
0111000000010011
0100111111101100
0110011100100001
1001011001001111
0101000011001011
0010000011111001
0000110111111001
1010000010101000
0000001001100000
1111101000011111
1100010101100100
0011111000101000
0001011111110110
0111010001111110
1001010001100000
0100000010110100
0001110110001011
0010110111111011
1010001011001101
0111110100111010
0011100000011011
0001110010111010
1000001100011000
1001101110100100
1001111100011100
0010110110111110
0011110011001100
1110001011110111
0010011010110100
0000100010000000
1100011011111001
1101010110001001
0000001011010000
0101111110111100
0100110000100101
1101101011001001
1001111100011011
1000001101001110
1101010110101010
0000000011001111
1000001110001110
0110010101101000
1101111101001110
0011101111110100
0100100100011001
1010010110000101
0001101110110000
1110010000101011
1000001110010011
0110110110100011
1110111000000110
1010001110111000
1111100110011101
1101111010110001
0001101100001111
0111010001111111
0111001011000011
0001110110101001
1101101011001100
1101110101011000
1100101000000110
1000001101001111
1100001000011110
1100011101110110
1001010010101000
0000001100111011
1001100111001010
1110000010110110
0100010101101011
0011010000011101
0111011111101000
1010110110000111
1110101110001111
1000101010110100
0001111010010010
1011011111100011
0011101111110011
1110000101000011
0100000110001001
1100100100010110
1011001100111000
1011110110101111
1000110101010010
0101000111010100
1111001001010110
1001101101110000
0000111010100100
1110101010011011
1011011011101011
0111001100011010
0101101110110011
1001010011100111
0110110010011000
1111010010100100
1011110010111001
1100111011000100
0000000011101001
0011111101001111
1111000011001001
1101010010101111
0011101101001000
0111011100101100
0111110010010000
1011000010101101
0111110000100101
1001100001101001
0001100010100001
0001111111001000
1101100011110111
1000000000101101
1001000010000011
0100110100001110
0101010110001001
0010000000111100
1101101100111111
1111111101001100
0010001110010110
0000011110111010
1001000101100111
0101011111100010
1001010010000101
1101000010101111
1010001111000111
0101111000100110
0100100001010011
0111101101010011
0011001110010011
1110111110100000
1010100110010001
0111101010101110
1010010000000010
0110010110011101
0010000110110101
1010110111000110
1001001000100000
1100111100111100
0010101010101100
0001011100010101
1100011111000011
1111011111000001
1001001110001011
1001110001111001
1101011101111011
1000010001001110
1111101001010011
0011010111011011
1100001001011011
0010011011110100
0110101000010111
1111001011111001
1111110100101011
1000101000011101
1010101001010101
1011100100100100
1101110101000000
0111000010111110
0100110000100000
0101000110101110
0001000010110010
1101101110000110
1101101111101101
0101111111100101
1000100110010010
0001011110011101
0101101110000011
0001101101010010
0011010011110110
1101011110111000
0111100111101110
0010100001001001
0101110111001001
1111011110110111
0101111111011000
1011000010110011
1011011111010100
0000000000010000
0111001000111101
1101010111001100
1011000111101011
0000010110010001
0011111110101101
1000010001111110
1000101101101011
0111010011011101
1110101110100111
0111000110010100
1101000101100001
1111010100110011
0010010100101111
1110111101100000
0010001111011111
0001000010110001
1001111000001101
1100011110101111
0100011100110110
0111100111101010
0110110111001111
1000001010111101
1111110100001011
0111001110011001
0100010010001111
0010111011100011
1001010110100011
0000100011101001
1000010100011000
1001011111100101
0011101110000111
0110001101101101
1011101101111110
1010100100011000
1001110101000000
1110001011010001
0101011111010110
0010110001010111
1011011100111100
1111101000010000
0100110101010001
1010110101111010
1001100110000010
0101000011001011
0010001010111110
0110101101000101
0100100000010110
0001000000111111
1110010101010011
0010101101101111
0110011100001101
1001101100011000
1111011000011111
0110000000100001
0010001101110001
0001100011011000
1111101110111101
1001100110110111
0111100011110101
0000111110101000
1101110001000000
1010110100101101
0111010111111000
0001010110001100
0110001110100011
1001011101100010
0101000001100100
0011000000011001
1111101010100000
1011001110101100
1010101111101001
0011110101101111
0000111001100010
0010001101010000
0001110000011110
1001000010111100
0011111111010100
1001001111011110
0000110001011001
0101011000111000
0110101101101000
1110100111100011
1100100101101110
0011110010000001
1010100111010100
0001111100110011
0000111111110101
1001111001010001
1000010001111001
1010111111110000
1100010110011111
1111101010001110
0100011011000011
1100010110101011
1110111001011100
0010011110010101
1111111011001101
0110011011001011
1001011001000010
1110100001010000
1011111000000010
1111111010110000
0001100000100110
1011111100011111
0011111000010011
1110000110110000
1110001001000111
0111010010100011
0000011010110000
0100100110000110
1111100110010100
0001100001101011
0001000111000001
1101110010000101
0100101000000001
1011001011111111
0110101101010011
1010000010001010
0001100110101110
1111100111011001
1110000011111001
1000101011000011
1100010000101111
1101110000001001
0110001111111110
0101101101010001
1001011100111010
1010001100001011
1100001011110100
0100011101111100
0010111100111000
0011000100001100
1010101010111111
1110110001100001
0011100101111001
1000111111000001
0010111100100010
0010100001010000
1010000011000001
1111100110010000
0011110100010011
0111010011101000
1001010111011110
1101010110011110
1101001010100010
1111001100010010
1101100100100011
0010010001001001
0011001001011000
1010111100010000
0110000010010100
0101100110110011
1110000101001111
0100100010000001
1010111000011110
1010111110111010
0000111001001111
0001000100111001
1010101111010010
0001011111010100
1001111110100101
0001101011011100
1110100100000011
1110010111010011
1010110010111111
0110001011000001
0100001111000100
1010010110001010
1100111110100010
0001110000000010
0101111111011111
0011110001001011
1000001011101100
0011011111011100
1001100110110110
0001011101000001
0011001011001010
1110101010011100
1110110100001011
1011100011001111
0010001000011101
1000110001011001
0110010011101001
0001100100111100
1101111000001101
0000101110100011
0000100001110011
1101011101001000
1100010001101001
0100101011001110
0001010001100100
0000111100110101
0100001000101000
0100001011011111
1000001110000111
0100100011101110
0110111111100001
1110000111010011
1100011011100100
0101000100010111
1111001011101010
1111110000100111
0000001110000100
0101010100010100
1111001111001110
0100101011111100
0110110111010010
0111111000000000
0001101101111101
1000111110010000
0101010101010010
0000111111100001
1110010010100011
1100011111010010
0110100111010110
0000110011000000
1110100101000000
0110110101010000
1011101001011101
1110011111111100
1110011000011010
1110111010110011
0101100101010001
0111110100010111
1101101101000011
1101000011111011
0101001001010111
0100011100001101
0001010000010011
1101110000110100
1000101110100000
1110011011011100
0010011100111001
0110101111110010
1111101101100110
1111111111101110
0001111100010101
1110100100011001
0110101001110000
0010010101111111
0100000101110000
0010010100010111
0011110111110101
0110011100101010
0001011111010111
1101001010001011
0110111000111001
1110100110000010
0010011001100110
0110100111101000
0011101100101111
0111010111011011
1000011001101000
0011000010111110
0011110000001100
1011100101101110
1101001111110011
0101011011010110
0110010011110111
0000100011100000
0110101110000100
0110000100001001
1111110101011000
0100011001111000
0111110111010000
1000101011110100
0111000001100111
1100010100010100
0000000010001100
0011010110101101
1110001011011011
1101000010000010
0100101011001111
0110111010000001
0011010001001110
0011101111100000
0101101010000110
1101100100001011
0010011101100110
0010100011101010
0111100111001010
0001111011000000
1110110110000011
1110110110110011
0101101001000000
1000111000110100
0010000111010001
0010000101000110
1010011000001100
0110111110000110
0100001001100010
1010001111010010
1110100011110001
1111010001011001
0100011101001100
0001010100010001
0011011110011111
1111010100000011
0001100001111111
1111001111000000
1010100000110001
1100010101010011
0101100101000111
1101101101110010
1101101001100001
1100010100101011
1111100110100111
1011101111000101
0011101001111110
0101100010111010
1101000010010100
0110101110111110
1010111111100000
0111010010111001
1100011111100101
1010010011011111
0101001001000000
0100011000010101
0101111001011001
1010100100111101
1100011000100001
1110000101101100
0010010000111111
1011000011011111
0110100010110010
1010010011011110
1101000010111100
1011010000000111
0111011011011101
0010111100110010
1011011111001101
1001010001100000
0110011000000100
0011011000001000
1110111010111111
0110110010000101
1011101101011011
1101001011011100
1100110110111000
0001100010101010
1110011101100000
0011000000011100
1111000111000001
0011000011000000
0011001000001000
1100001100111100
0111110001101011
0010101111001100
0101001010000000
0001000001000010
1011110110100010
1001111101111100
0011111000110100
1011100111110110
0111101110111111
0111110100011000
0101011001010011
0001101011001111
1010011110100000
0011111101000001
0000011101010100
0110010110000000
0100001100010111
1011010111010100
1100010000100011
0000001100010100
1101111011010011
1111111001001000
0001101000001100
1110011111000010
0110011011101110
0110100111000010
0100100000000100
0001111111110010
1101100110111101
1011011101110010
0101100011110111
1110100010001111
1101001000000100
1100010100101111
0011000111111111
1011101100010010
1000101010010111
1010010011000001
1000100011010011
1011101101101000
1000011010011010
0100000010111011
0110011011110100
0000111101000100
1110111100110010
0000001001101100
1110101011101000
1000010101101110
0011110110010110
1100011111101110
1101110111011111
0001010101000100
1011110100101010
1011011001001011
1110110001111000
0000001100010101
0101101100110001
0110101101111010
1111101101111000
1000100001010010
1101111001001010
0101000011110011
0101000100110001
0011110110100010
1000000110111101
1111100100100000
1000001100100010
1001101010011110
0110000101010001
0100100110101001
1100101000000000
1011111011100101
1111101100000100
1111110101000100
0010001110101000
0000110111000111
1011110011110111
1101111111110100
1000110100111110
0100100111000000
1010011110111001
0011000111010011
1010110010100000
0001001100000101
0101000011011100
1100011000110011
1101010001011110
0110011000001000
0011010001101000
1100101011110010
0111110011011011
0111110011101000
0100011110111001
1001011001100011
0110100001000111
0100010111111101
1100111001011111
1100000010011100
0111110010100100
0100001110000011
1100111111100000
0010001001011101
0100101010001100
1000110101111010
1111101001010101
1100110010111110
1001011011110101
0011111101001101
1111001000101101
1111111000111110
0000101000011100
0000011100010110
0111010010010010
1000111101101000
0101100000110000
1001100001000011
1001010101001100
1010010000110110
0001100011011111
1100111011010100
1100010001111011
0011110100000110
1011111011101010
0001011000011010
0001101001011111
0010010110001100
1011001100100110
1110111011110101
1111000111111110
1101100100100100
1100101100100010
0101010111100110
0000110010101110
1100011011000100
1000000111100101
0110100000110100
1101001000111111
0101011101111110
1011110000111111
1001001011111000
1100010110010101
1011011010000110
1100101000110111
0001010011011110
0100011001010001
1011010000100111
1100111101011100
1001001001111011
1100000110011011
1000000100111000
1110111011111100
1111101110101001
0000101010101101
1101010110001110
0001000010110000
1010101101010011
1001011001110110
1011010000110111
0110001011101001
0000001101000101
0101010011110001
1111001011110000
1011000001110110
0011101101010010
0000101110011100
1111000010110111
0110101111001101
0100010000101010
1101001011100000
0011100011001000
1100110110000001
0000100100011001
0010000111111001
1101011010000010
0111000010010100
1011100100000100
1001111001001010
0011111111010110
0011010110111110
0101110101010110
0011100010110010
0100111101101011
1110110110100101
0010011111000010
0110010110100100
1001101010010101
1101111101111111
0101101100000110
0101110010000101
0010010100001001
0110111101010010
0110011000011001
1101001001111000
0011100101100011
1000110000101001
1010101100100111
1101111110110111
1111110010000110
0100100100011001
0101101111111000
0010011101110001
1111100101110100
1011100100010110
0110010111011000
1011001010111010
1011010100001101
1010011010011111
1001100101010100
0001001100001110
0001001000000000
0001001110101100
0101101101100000
1111010011010010
0010011000111000
1010100010010011
0111110110101111
0011101000100110
1010000100010010
0111000010101100
0000100100100000
1100011000011101
0011000100000000
1100001000110001
1001111101001110
0000001100010011
0011011101001111
0101001000100100
1111001011110111
0010001111000110
1010010010100110
1011111100011111
0001010010111110
1011110111011010
0000111111100100
1111010011110110
0100000001000110
1101010111000111
1110111101010101
0100100011110011
1011010111110100
0100001010110011
0010110010100001
0111010100100101
0000111110000001
1110000110011101
0010011010110011
1100100111100111
1000111000101100
1100101010011000
1111000000000110
1001110000111101
1100000011110111
1101110100001000
1010010000100010
0111000001000001
1000010010011110
0001000110001110
1111010100111100
1111110001110011
1001111011100001
0101101100101001
1111101111100111
0110111111101110
1100100101111100
0000111000110100
1010100011100011
1010101101101010
0001001011011110
1011001100000000
0011101001011010
0010110001011000
1110101000110011
0101001101000001
0101111101011011
1010011011001000
1011101000000110
0001001010000010
1110100101101010
0010111111101101
0100010101100110
1011011100101111
1011001101111010
1100010111000101
1001100101101010
0100011100111001
0001100011100010
0100010001001101
1010000101110111
1101011101100111
1100010101110101
1110100010100000
1110001111101101
1110111101000010
1110110110010000
0000110100001101
0011111101100110
0101100001101101
0001001101101111
1111110111000101
1101110000100001
0110011110010110
0101100010011100
0111101001000011
0001100101110010
1110001111000010
1010000100111010
1100111010100110
0111001110100000
1001000011000101
1001000001011100
0000111001101000
0100101101110111
0010101011011101
1011110000111110
0011000000000100
0111110110011000
0010011001011100
0101001111000110
0010000010100100
1000010011010011
1011010001100101
0000001011110111
1101110111011111
1101000010111001
0101101001010101
0100001000000001
0101011111101011
1001011010101110
1101010101111101
0011000001010110
0111100011101110
0111011001110010
0010100000101110
1110000000010111
0100000111000001
0000101000011111
0111011100000101
1110000100000010
1101010100110000
0111000110010001
0100110101110010
1010001010001011
0111010101011100
0000101000011101
1111110101000001
0111111011101100
0001110101111010
0010111011110100
1110001111011100
0101100101101000
0110111000001100
1111110011101001
1011111011000111
0001010001010100
0101011001100010
1001011000001101
1110101110101110
0010110101010111
0011100011000100
1111001111100001
0110001010101111
0111110111100011
1000100001111111
1011010000100100
1011111100111110
1011110111011110
0000111011110011
1000010110111010
1100000111100101
0110001011100011
1101110010111111
0010010100010001
0000100101011001
0000111011011010
0001101101010010
0001011011101001
0010000101101001
1010010000110010
1010110100011110
0101000100111111
1001011000111010
0111101100100001
0110011010100000
0011001001111011
1011110111000101
0000001010100010
1000000000111000
0111100101111100
1010000011100001
1111010010100111
1000110100001001
0011001110000111
1010000101011100
1111101110001100
1110100110010111
1110010010010101
0011111010111011
1111000001011001
1011001010110111
1111101101001101
1101101110001011
1100110100000100
1010100100100011
0111100100001010
0000000000010000
1101001101101010
1010000101101111
0110110101010101
0111001010000100
0010101010011001
1011011101001111
1010101110000101
0000001100000111
0011110010000101
1101011011001010
1011010100110010
0110101010010001
1100010101000010
0101000110100010
1111011100000011
1011000010100010
1000011010010110
1010110011110100
0001101101111110
1100110110111000
1111000010011010
0111111101110001
1110110001001111
0110100111101111
1111011010010111
0110010001100000
0000000011100011
1001001000100010
1010100111111011
1011011001010110
1000100110000001
1100110001010001
1000001100011110
0101010110001100
1000000001010000
1010111100000011
0110111001101111
1011111000100000
0100010011110001
0000101111010001
0001011011000100
0010011000010111
0100110111100110
1101001000011000
1110000011011111
0100101000010011
0011000100100101
0011110101100100
1100001011001100
1111001011011111
1111001010011100
0111010111000100
1011000110010011
1100101101010010
1110101000010011
0011000010000101
1000100110110011
1011000110101000
0011110100111011
1110001001011100
0000100001001000
0011011011101110
1001100001011010
0001000011001101
1010110011011100
0100100011011110
1001011010011010
0000110110001011
0110111001011011
0111011000100111
0110000101010111
0111100111100000
1010010000011111
1011000011010111
0100100010011010
1010010110000111
0000010000101111
0000100110011111
0011000001011011
1110100001111101
1000111110000011
0001001001101111
0101110110110111
1100111011101110
1010110010010010
1001011100111011
0110111001000001
1100010111100111
0100011110101100
0110111001011110
1110110110100000
0001100010100100
0000101111101010
1101111010011011
1111001000111010
0001001000000001
1110110101100110
0101001011010010
0010111000100011
1100001101001110
1010111010001011
1001110011111110
1111110111010001
1100010100111111
1111010100110001
1111001101101101
0101101111011101
0100010010011110
1111010010010111
0110111001110110
1011111001100100
0011111100000101
0100000010111000
1111101010100000
1101101111110010
1101111011011011
1010100001101001
1001111000111010
0111001010100011
0111011001001001
0110110010101100
1000101011100100
0001111001101111
0100110101101010
1000110011101001
0111011111110001
1001010101110100
1001110001000110
1000111011011100
0011001001010110
1101110010000110
0101111001011011
0111110001100011
1111101010001101
1100011101001001
0110111000110000
0100011000101010
0111110101000110
0100100001111010
0000011011111110
1001111101101010
0000101110000010
1111101010110010
1111110010101010
1001000110110001
0000000011100010
0000111000101000
1001110111010010
0110110110011100
0001001111110111
1001111011100100
0000110000011011
0011110000110001
0011111000001001
1101011100111111
1001101101111000
0011111110011110
1101001110000100
1000000000111010
0011011110100011
1100111001111101
1010111000111101
1111100110111001
0111010111011001
0111111011101001
0001101101011010
0001111000000101
1100000111001011
0000100111101110
1110110110111100
0011100011111001
0110001110001110
0001100100111100
0101000101011010
1010111001000110
0010011100001011
0011000001111100
0000000110000001
0111001001011010
0100111010011110
0010111111111010
0010010000100110
1100110101110111
0011010001100100
0100101111111110
1011000001001100
1010100110011101
1111000110001011
1100110001010110
1000111100011101
0100101101101101
1000110111111011
1111001010011000
0101011101001101
0110000110110110
1001000111010010
1000101110010001
1000111000011110
1001000000111100
1001011011111011
0001101101110011
1110000010100010
0010111001110010
0000111111001001
1111000001000000
1110111001010100
0100111110111111
1101110110010000
0100100101100101
1000111111001100
0011111000101010
0010001001000100
1000001010101100
0011011101101110
1000110010111111
1011001011011010
1110100011111000
0100011111110110
1101010101111110
0000010111011110
1001101110010100
1011000010001111
0111111101101111
1110001110110101
0011100111101011
0110111101100100
0110111101001011
1100111011110110
1001100101011011
0100001010001100
0011010111001111
1010000111011001
1011110111100111
0010011011000111
1111100100001010
0110111001110011
0110100010001100
1000111101111101
1000010000000100
0011000100010111
0000101010111001
1110111011000001
1010100100110100
1000010101110111
0011111000000111
1000000011110110
0110011001000001
1100100000001111
0011010010100010
0011010010100100
1001001100111111
0111000111001100
0100001010010000
1100100001101100
0000011011011110
1101000111100110
1000001111110010
0100100011001001
1110011101111111
0011010111101001
0111000000111001
0010101001110000
1110001010110110
1000101100100000
0010101111011000
0111001111101001
0101011111001101
1100000010100010
0000000000110111
1001111110011111
1101101000010000
0101010110101111
1110010111010001
0110100010111110
0001100001000001
1101110001000000
0101011010011110
0111101100101001
0110011101111001
0011111100101010
0010001111011000
0111110101011000
1101000100111001
0111000110011010
1000010000111100
0101000101000011
0010100110101111
1100000000011001
0000001110111011
1101001101011101
0010011011100000
0011101101100110
0011110111011101
0001111001111001
0011000010100110
0011101110111011
0010111010111100
1111110100110001
0110001011101111
1110111000111000
0001001011111011
0101000100010001
1010101110001011
1110000001001001
0100000101000100
1011101010111100
1100010011000110
1010001100001111
1110110100000000
1001001010001011
1000110000000000
1100101000011010
1101100100100110
1110010001100010
1010010011110000
0000000101001010
0101010101100100
0001011110100110
1110100100010100
0100110101011100
1111101101100101
1111111010101001
0100101100101101
1110100100000100
0110101101010100
1101100100010100
0010000101100010
1110001000110101
0111110111010101
1101100001111001
0010000001010011
0011000000011111
0001111110111110
1001101110101000
0100111101000111
1010111100110011
1001101001101001
0010100001111110
1010010010011101
0001111111110101
1010101110110010
1010011111110111
1101001010000011
1100100010011010
1001010011101101
1101101000010010
1000100001100100
1110111110011001
0111111100010110
1111001111000010
0001000101110110
1000000101011111
0001111001101101
0010101001100011
0001001111000101
1100111000111010
0100011110000011
0110111110100111
0010110111100111
1101010110010100
1111100010000011
0110010001010111
1100000010010011
0101001100011010
0101101100001010
0011011010101110
0111101101011000
0001011100001100
0011010110101000
1101110000000000
1100111001111100
0111010101111010
0110100010111101
0011111100000010
0101000000101001
1010110000100100
1100100001001100
0101010110111001