0000000000000000
0001000000000000
0001001000000000
0010000001001001
0010001101101101
0010010111111111
0010011000000000
0010100010010010
0010101011011011
0010110110110110
0010111011011011
0011011000000000
0011010111111111
0011100010010010
0011100100100100
0011110110110110
0101111011111011
0101110001010001
0011010000001010
0011010101110111
0011010011100101
0011010111011001
0011010000001111
1100000101110101
0000001011101111
1010000111111111
0000000000001010
1011111011011011
0000001101101100
1011101010010010
0000000000110010
1011100000000000
0000000000000010
1011110110110110
0000000000001100
1010001100100100
0000000000100000
